1.355976
-1.883682
-1.999860
-1.883380
-1.766791
-1.649920
-1.765204
-1.647594
-1.762120
-1.876246
-1.822054
-1.703776
-1.584732
-1.697465
-1.593602
-1.473708
-1.353554
-1.464194
-1.342955
-1.389627
-1.440038
-1.495742
-1.487663
-1.562036
-1.657053
-1.760145
-1.862451
-1.964214
-1.839478
-1.714630
-1.816060
-1.916217
-1.790192
-1.885549
-1.980152
-1.926645
-1.832697
-1.739164
-1.646265
-1.552533
-1.459945
-1.368883
-1.279978
-1.190118
-1.086451
-1.095787
-1.217721
-1.340533
-1.463311
-1.389121
-1.311744
-1.234620
-1.162907
-1.106831
-1.109808
-1.114331
-1.120866
-1.130361
-1.145581
-1.166997
-1.191255
-1.218506
-1.249170
-1.282909
-1.318665
-1.356253
-1.396522
-1.440457
-1.488716
-1.541518
-1.598569
-1.659201
-1.722855
-1.789610
-1.860324
-1.936229
-1.982365
-1.899155
-1.824411
-1.868894
-1.908620
-1.944857
-1.980063
-1.984263
-1.948110
-1.911361
-1.874237
-1.837008
-1.799966
-1.763412
-1.783167
-1.746774
-1.766890
-1.786535
-1.749916
-1.769899
-1.733649
-1.754177
-1.774335
-1.738103
-1.758758
-1.779006
-1.742699
-1.763386
-1.783631
-1.747158
-1.767787
-1.787940
-1.751223
-1.771713
-1.791693
-1.754671
-1.774951
-1.738257
-1.759052
-1.779437
-1.742692
-1.763544
-1.783949
-1.747065
-1.767882
-1.788219
-1.751115
-1.771815
-1.792001
-1.754612
-1.775123
-1.738086
-1.759138
-1.779777
-1.742709
-1.763838
-1.784517
-1.747321
-1.768431
-1.789053
-1.751643
-1.772642
-1.793119
-1.755421
-1.776232
-1.738895
-1.760259
-1.781200
-1.743826
-1.765264
-1.786239
-1.748725
-1.770133
-1.791038
-1.753290
-1.774572
-1.737225
-1.759097
-1.780558
-1.743196
-1.765175
-1.786694
-1.749189
-1.771148
-1.792598
-1.754832
-1.776652
-1.797914
-1.759790
-1.781364
-1.743569
-1.765675
-1.787314
-1.749397
-1.771501
-1.793089
-1.754934
-1.776917
-1.798337
-1.759845
-1.781600
-1.743460
-1.765772
-1.787617
-1.749377
-1.771710
-1.793524
-1.755063
-1.777291
-1.798952
-1.760164
-1.782177
-1.743756
-1.766346
-1.788461
-1.749946
-1.772564
-1.794655
-1.755917
-1.778431
-1.800366
-1.761293
-1.783585
-1.744880
-1.767756
-1.790145
-1.751335
-1.774229
-1.796581
-1.757529
-1.780304
-1.741684
-1.765100
-1.788056
-1.749380
-1.772879
-1.795851
-1.756948
-1.780360
-1.803180
-1.763899
-1.787070
-1.748143
-1.771886
-1.795112
-1.755999
-1.779700
-1.802814
-1.763354
-1.786847
-1.747765
-1.771856
-1.795431
-1.756177
-1.780244
-1.803721
-1.764115
-1.787978
-1.811180
-1.771074
-1.794574
-1.754762
-1.778796
-1.802248
-1.762164
-1.786060
-1.746419
-1.770983
-1.795040
-1.755288
-1.779895
-1.803913
-1.763852
-1.788303
-1.812087
-1.771545
-1.795660
-1.755439
-1.780120
-1.804208
-1.763709
-1.788259
-1.812138
-1.771195
-1.795435
-1.754844
-1.779687
-1.803939
-1.763107
-1.787854
-1.747508
-1.772976
-1.797922
-1.757469
-1.782996
-1.807908
-1.767115
-1.792473
-1.817123
-1.775792
-1.800771
-1.759746
-1.785294
-1.810201
-1.768828
-1.794186
-1.753245
-1.779286
-1.804746
-1.763590
-1.789589
-1.814908
-1.773302
-1.799025
-1.757793
-1.784151
-1.809881
-1.768336
-1.794559
-1.820053
-1.777962
-1.803814
-1.762048
-1.788502
-1.814282
-1.772136
-1.798382
-1.756671
-1.783618
-1.809943
-1.767961
-1.794828
-1.820962
-1.778451
-1.804975
-1.762813
-1.789969
-1.816439
-1.773880
-1.800830
-1.758709
-1.786370
-1.813384
-1.770947
-1.798499
-1.825280
-1.782241
-1.809396
-1.766676
-1.794449
-1.821490
-1.778292
-1.805790
-1.762996
-1.791189
-1.818686
-1.775497
-1.803510
-1.830695
-1.786824
-1.814360
-1.770777
-1.798923
-1.826283
-1.782168
-1.809976
-1.766251
-1.794766
-1.822539
-1.778391
-1.806690
-1.763008
-1.792081
-1.820446
-1.776394
-1.805328
-1.833409
-1.788668
-1.817132
-1.772700
-1.801812
-1.830105
-1.785104
-1.813858
-1.769251
-1.798735
-1.827437
-1.782344
-1.811569
-1.766932
-1.796939
-1.826193
-1.781111
-1.810911
-1.766323
-1.796915
-1.826779
-1.781749
-1.812120
-1.841617
-1.795781
-1.825520
-1.779972
-1.810287
-1.839832
-1.793617
-1.823335
-1.777516
-1.807853
-1.837606
-1.791236
-1.821039
-1.775155
-1.805620
-1.835749
-1.789451
-1.819390
-1.773749
-1.804291
-1.834902
-1.788902
-1.818922
-1.773327
-1.804243
-1.835398
-1.788877
-1.819857
-1.773344
-1.805631
-1.837336
-1.789900
-1.822169
-1.775168
-1.808267
-1.840460
-1.792732
-1.825459
-1.778118
-1.811641
-1.844212
-1.796040
-1.829170
-1.781268
-1.815284
-1.848445
-1.799489
-1.833142
-1.784495
-1.818929
-1.852306
-1.804698
-1.838466
-1.797595
-1.824655
-1.795430
-1.806531
-1.806845
-1.807160
-1.807477
-1.826905
-1.836294
-1.836600
-1.836938
-1.837301
-1.793682
-1.822879
-1.859164
-1.813661
-1.843474
-1.795168
-1.829067
-1.863646
-1.819122
-1.847931
-1.798679
-1.833091
-1.784061
-1.820270
-1.856548
-1.806927
-1.842807
-1.792951
-1.830677
-1.867659
-1.817004
-1.854031
-1.803425
-1.841713
-1.879013
-1.836030
-1.864415
-1.812657
-1.851046
-1.799861
-1.839409
-1.877959
-1.827744
-1.864616
-1.812622
-1.852645
-1.891472
-1.848524
-1.876893
-1.823573
-1.863568
-1.812074
-1.852756
-1.892414
-1.846493
-1.873065
-1.835447
-1.856285
-1.865391
-1.866247
-1.867106
-1.868250
-1.868996
-1.834763
-1.857574
-1.898813
-1.847199
-1.886042
-1.831800
-1.874886
-1.916580
-1.873023
-1.902446
-1.846740
-1.889689
-1.834456
-1.878732
-1.921625
-1.876978
-1.907796
-1.851148
-1.895494
-1.843676
-1.884739
-1.924264
-1.876652
-1.900077
-1.866738
-1.880189
-1.881284
-1.882367
-1.884586
-1.884511
-1.909531
-1.957213
-1.913976
-1.924742
-1.902701
-1.903744
-1.904778
-1.905795
-1.906809
-1.939970
-1.911975
-1.937468
-1.898311
-1.924884
-1.885112
-1.912109
-1.948316
-1.913576
-1.942301
-1.900351
-1.929120
-1.888110
-1.918096
-1.961121
-1.914278
-1.948169
-1.912318
-1.941163
-1.898282
-1.929485
-1.976727
-1.933212
-1.868012
-1.904256
-1.957676
-1.911277
-1.948528
-1.900087
-1.940966
-1.997037
-1.941934
-1.984463
-1.926795
-1.972273
-1.912429
-1.961698
-1.899856
-1.953094
-2.012160
-1.943799
-1.997929
-1.927029
-1.984581
-1.911474
-1.972698
-1.898049
-1.963517
-1.887717
-1.957106
-2.024124
-1.942452
-2.011497
-1.928141
-1.999692
-1.915088
-1.989724
-1.904177
-1.982360
-1.896160
-1.978073
-2.057280
-1.961689
-2.044405
-1.944562
-2.031462
-1.927682
-2.020037
-1.912024
-2.011469
-1.899110
-2.007382
-1.892223
-2.008255
-1.893027
-2.009884
-1.894581
-2.011363
-2.127670
-2.012004
-1.896883
-2.013801
-1.898557
-2.015396
-1.900072
-2.016830
-1.901426
-1.786425
-1.903306
-2.019552
-2.135361
-2.019209
-2.135268
-2.019308
-1.903884
-1.788811
-1.905605
-2.021754
-2.137454
-2.021191
-2.137123
-2.184663
-2.068026
-1.950490
-2.065461
-2.180379
-2.173469
-2.112950
-2.060422
-2.011602
-1.964110
-1.915938
-1.864320
-1.803595
-1.857763
-1.948946
-1.835311
-1.953616
-2.071335
-1.957002
-1.843111
-1.961139
-1.846914
-1.964669
-1.850168
-1.967653
-2.084562
-1.969404
-2.086379
-2.201936
-2.163771
-2.046029
-2.147567
-2.216193
-2.209933
-2.163489
-2.120396
-2.079075
-2.038792
-1.999184
-1.960046
-1.921180
-1.882264
-1.842622
-1.800775
-1.820512
-1.849527
-1.890861
-1.799114
-1.901653
-2.019689
-1.905596
-2.023539
-1.909307
-2.027118
-1.912752
-1.798761
-1.684962
-1.571233
-1.601426
-1.638088
-1.688258
-1.760940
-1.862001
-1.976442
-2.090299
-2.203755
-2.257063
-2.142722
-2.196811
-2.235260
-2.269881
-2.268092
-2.234671
-2.201230
-2.167782
-2.134451
-2.101415
-2.068878
-2.037067
-2.054583
-2.071766
-2.040084
-2.057799
-2.075186
-2.043620
-2.061528
-2.079102
-2.096239
-2.064222
-2.081684
-2.050038
-2.068006
-2.085632
-2.054062
-2.072188
-2.089964
-2.107285
-2.075201
-2.092817
-2.061076
-2.079172
-2.096906
-2.065196
-2.083403
-2.101239
-2.069532
-2.087823
-2.105732
-2.073998
-2.092344
-2.110295
-2.078506
-2.096875
-2.114837
-2.082966
-2.101328
-2.119273
-2.087296
-2.105624
-2.123524
-2.091422
-2.109693
-2.127526
-2.095284
-2.113480
-2.131229
-2.098837
-2.116945
-2.134601
-2.102054
-2.120067
-2.087921
-2.106473
-2.124677
-2.092621
-2.111350
-2.129715
-2.147605
-2.115006
-2.133197
-2.100944
-2.119622
-2.137916
-2.105671
-2.124437
-2.142806
-2.110530
-2.129347
-2.147750
-2.115406
-2.134234
-2.152632
-2.120187
-2.138988
-2.157345
-2.124769
-2.143509
-2.161792
-2.129062
-2.147714
-2.165898
-2.132996
-2.151539
-2.119036
-2.138123
-2.156840
-2.124400
-2.143637
-2.162486
-2.130052
-2.149386
-2.168311
-2.135827
-2.155200
-2.174142
-2.141556
-2.160911
-2.179813
-2.147079
-2.166363
-2.185174
-2.152253
-2.171421
-2.190098
-2.156960
-2.175976
-2.143215
-2.162755
-2.181898
-2.149145
-2.168783
-2.188001
-2.155193
-2.174865
-2.194093
-2.161172
-2.180815
-2.199990
-2.166904
-2.186460
-2.205526
-2.172234
-2.191653
-2.210562
-2.177031
-2.196275
-2.163116
-2.182883
-2.202236
-2.169070
-2.188915
-2.208323
-2.175085
-2.194945
-2.214341
-2.180975
-2.200786
-2.220109
-2.186565
-2.206270
-2.225467
-2.191702
-2.211256
-2.177884
-2.197983
-2.217667
-2.184298
-2.204490
-2.224239
-2.190798
-2.211008
-2.230746
-2.197166
-2.217320
-2.236974
-2.203197
-2.223229
-2.242736
-2.208713
-2.228568
-2.194928
-2.215322
-2.235283
-2.201617
-2.222076
-2.242071
-2.208301
-2.228743
-2.248691
-2.214749
-2.235100
-2.254927
-2.220752
-2.240945
-2.207167
-2.227916
-2.248228
-2.214424
-2.235243
-2.255591
-2.221672
-2.242468
-2.262757
-2.228643
-2.249329
-2.269474
-2.235098
-2.255597
-2.221604
-2.242647
-2.263236
-2.229181
-2.250261
-2.270847
-2.236638
-2.257655
-2.278141
-2.243697
-2.264560
-2.284858
-2.250112
-2.270746
-2.236365
-2.257531
-2.278219
-2.243750
-2.264919
-2.285572
-2.250926
-2.272004
-2.292529
-2.257631
-2.278533
-2.244037
-2.265509
-2.286514
-2.251964
-2.273480
-2.294486
-2.259778
-2.281229
-2.302129
-2.267172
-2.288458
-2.253910
-2.275773
-2.297165
-2.262546
-2.284445
-2.305824
-2.271018
-2.292829
-2.314073
-2.278978
-2.300588
-2.265881
-2.288050
-2.309726
-2.274900
-2.297061
-2.318676
-2.283611
-2.305631
-2.327057
-2.291650
-2.313415
-2.278371
-2.300674
-2.322455
-2.287251
-2.309496
-2.331170
-2.295690
-2.317753
-2.339196
-2.303346
-2.325119
-2.289621
-2.311927
-2.333693
-2.298028
-2.320261
-2.341906
-2.305966
-2.328009
-2.292488
-2.315129
-2.337260
-2.301640
-2.324289
-2.346372
-2.310524
-2.333042
-2.354942
-2.318753
-2.341017
-2.305210
-2.328042
-2.350330
-2.314366
-2.337144
-2.359322
-2.323076
-2.345662
-2.309838
-2.333033
-2.355699
-2.319750
-2.342933
-2.365525
-2.329304
-2.352319
-2.374685
-2.338068
-2.360778
-2.324521
-2.347782
-2.370465
-2.333995
-2.357146
-2.379660
-2.342848
-2.365748
-2.329333
-2.352825
-2.375751
-2.339165
-2.362593
-2.385392
-2.348491
-2.371701
-2.335220
-2.359045
-2.382307
-2.345662
-2.369438
-2.392584
-2.355617
-2.379176
-2.342627
-2.366802
-2.390405
-2.353667
-2.377776
-2.401240
-2.364142
-2.388004
-2.351306
-2.375766
-2.399636
-2.362704
-2.387058
-2.410742
-2.373402
-2.397460
-2.360494
-2.385131
-2.409151
-2.371907
-2.396391
-2.420179
-2.382485
-2.406628
-2.369290
-2.393999
-2.418068
-2.380426
-2.404950
-2.428755
-2.390645
-2.414801
-2.377044
-2.401770
-2.425840
-2.387779
-2.412312
-2.374711
-2.399917
-2.424520
-2.386727
-2.411873
-2.436330
-2.398144
-2.423017
-2.385240
-2.410737
-2.435594
-2.397532
-2.422881
-2.447498
-2.408956
-2.433940
-2.395757
-2.421326
-2.446212
-2.407678
-2.433022
-2.394934
-2.420945
-2.446316
-2.407961
-2.433852
-2.459003
-2.420162
-2.445695
-2.407220
-2.433348
-2.458778
-2.419924
-2.445810
-2.407394
-2.433945
-2.459831
-2.421101
-2.447494
-2.473113
-2.433834
-2.459814
-2.420873
-2.447430
-2.473250
-2.433866
-2.460120
-2.421146
-2.448048
-2.474244
-2.434900
-2.461585
-2.487453
-2.447506
-2.473716
-2.434087
-2.460869
-2.486874
-2.446770
-2.473205
-2.433507
-2.460599
-2.486954
-2.446876
-2.473731
-2.434122
-2.461695
-2.488560
-2.448618
-2.476023
-2.502599
-2.462063
-2.489014
-2.448820
-2.476378
-2.503137
-2.462447
-2.489653
-2.449374
-2.477254
-2.504365
-2.463659
-2.491270
-2.451023
-2.479352
-2.506932
-2.466286
-2.494393
-2.521617
-2.480292
-2.507868
-2.466853
-2.495020
-2.522331
-2.480741
-2.508477
-2.467268
-2.495671
-2.523245
-2.481545
-2.509608
-2.468350
-2.497137
-2.525120
-2.483419
-2.511932
-2.470707
-2.499977
-2.528455
-2.486792
-2.515814
-2.474633
-2.504418
-2.533407
-2.491752
-2.521275
-2.549843
-2.507382
-2.536278
-2.494078
-2.523548
-2.481866
-2.512143
-2.541618
-2.499478
-2.529519
-2.558588
-2.515637
-2.545054
-2.502375
-2.532387
-2.490239
-2.521082
-2.551103
-2.508472
-2.539068
-2.568661
-2.525175
-2.555113
-2.511886
-2.542421
-2.499715
-2.531086
-2.561601
-2.518364
-2.549448
-2.506681
-2.538553
-2.569527
-2.526113
-2.557600
-2.514587
-2.546804
-2.578072
-2.534290
-2.566012
-2.522563
-2.554963
-2.586356
-2.542039
-2.573839
-2.529802
-2.562246
-2.593629
-2.548665
-2.580428
-2.535719
-2.568119
-2.523935
-2.557211
-2.589544
-2.544685
-2.577581
-2.533145
-2.566831
-2.599500
-2.554218
-2.587364
-2.542404
-2.576262
-2.609023
-2.563080
-2.596250
-2.550554
-2.584385
-2.539208
-2.573939
-2.607660
-2.561680
-2.595952
-2.550344
-2.585393
-2.619330
-2.572701
-2.607077
-2.560692
-2.595753
-2.629597
-2.582047
-2.616251
-2.568872
-2.603713
-2.556797
-2.592545
-2.627165
-2.579317
-2.614476
-2.566960
-2.602921
-2.637650
-2.589031
-2.624201
-2.575809
-2.611719
-2.563861
-2.600771
-2.636536
-2.587736
-2.624097
-2.575652
-2.612872
-2.648816
-2.599190
-2.635598
-2.586179
-2.623347
-2.574447
-2.612640
-2.649616
-2.599645
-2.637208
-2.587541
-2.625961
-2.576881
-2.616399
-2.654720
-2.604519
-2.643454
-2.593536
-2.633326
-2.671710
-2.620276
-2.659060
-2.607668
-2.647143
-2.596114
-2.636564
-2.675588
-2.623117
-2.662627
-2.610261
-2.650572
-2.598649
-2.640038
-2.679996
-2.626647
-2.667158
-2.613949
-2.655336
-2.602600
-2.645138
-2.686216
-2.631986
-2.673652
-2.619526
-2.662114
-2.608454
-2.652213
-2.694447
-2.639158
-2.681977
-2.626693
-2.670463
-2.615612
-2.660545
-2.703856
-2.647215
-2.691086
-2.634412
-2.679191
-2.622832
-2.668843
-2.613119
-2.660587
-2.706525
-2.648987
-2.695661
-2.638123
-2.685814
-2.628596
-2.677559
-2.724739
-2.665204
-2.712929
-2.653059
-2.701654
-2.641831
-2.691631
-2.632177
-2.683456
-2.732869
-2.670959
-2.721023
-2.658778
-2.709791
-2.647557
-2.699914
-2.637973
-2.691999
-2.744021
-2.679328
-2.732061
-2.666794
-2.720630
-2.655203
-2.710539
-2.645305
-2.702456
-2.757369
-2.688989
-2.744709
-2.675454
-2.732345
-2.662744
-2.721344
-2.651722
-2.712466
-2.643126
-2.706265
-2.767154
-2.693956
-2.755982
-2.681630
-2.745259
-2.670099
-2.735833
-2.660190
-2.728476
-2.652621
-2.723733
-2.792200
-2.710531
-2.780443
-2.696675
-2.768566
-2.683129
-2.757755
-2.670779
-2.748952
-2.660468
-2.742918
-2.652984
-2.740180
-2.648766
-2.740985
-2.830871
-2.727127
-2.821501
-2.712466
-2.812222
-2.699878
-2.806581
-2.691519
-2.804244
-2.689229
-2.806296
-2.691305
-2.808397
-2.693433
-2.810552
-2.695616
-2.812764
-2.697858
-2.815036
-2.700163
-2.817373
-2.702534
-2.588195
-2.474165
-2.360316
-2.478083
-2.594933
-2.711054
-2.595082
-2.709903
-2.821434
-2.935249
-2.818314
-2.933545
-2.816885
-2.700847
-2.816790
-2.932239
-2.882398
-2.765648
-2.881542
-2.763935
-2.832430
-2.897041
-2.954844
-2.917143
-2.869307
-2.823891
-2.779966
-2.736964
-2.694234
-2.651420
-2.608048
-2.563312
-2.584973
-2.611471
-2.641998
-2.675276
-2.616821
-2.658308
-2.701131
-2.743962
-2.682595
-2.729118
-2.774846
-2.712838
-2.760888
-2.699899
-2.750624
-2.800215
-2.737758
-2.788792
-2.726864
-2.779701
-2.830828
-2.766359
-2.818385
-2.753729
-2.806958
-2.742466
-2.797301
-2.733246
-2.789981
-2.844836
-2.777657
-2.833418
-2.765673
-2.822787
-2.754866
-2.813603
-2.745846
-2.806497
-2.864796
-2.792957
-2.852168
-2.779364
-2.839956
-2.766588
-2.829083
-2.755484
-2.820179
-2.746725
-2.814088
-2.878867
-2.800233
-2.866376
-2.786258
-2.854314
-2.773096
-2.843729
-2.761668
-2.835480
-2.752760
-2.830143
-2.746910
-2.828097
-2.906623
-2.814796
-2.896033
-2.800518
-2.885157
-2.786214
-2.875361
-2.772826
-2.867875
-2.761176
-2.863731
-2.754112
-2.864571
-2.751513
-2.867346
-2.752253
-2.869192
-2.754032
-2.870901
-2.755673
-2.872473
-2.988749
-2.873116
-2.758078
-2.875024
-2.759867
-2.876737
-2.761506
-2.646729
-2.532230
-2.649403
-2.765732
-2.881413
-2.996608
-3.031175
-2.994603
-3.034081
-2.931861
-2.818142
-2.699706
-2.813688
-2.885622
-2.940115
-2.990936
-3.041918
-3.036340
-2.983009
-2.928516
-2.873113
-2.817100
-2.760787
-2.704513
-2.648502
-2.593693
-2.540937
-2.490635
-2.512101
-2.545219
-2.610138
-2.729186
-2.847566
-2.733889
-2.620620
-2.507566
-2.394600
-2.281626
-2.336671
-2.426793
-2.543264
-2.429395
-2.317182
-2.201817
-2.317050
-2.397530
-2.469339
-2.552960
-2.659337
-2.768604
-2.877037
-2.817584
-2.755383
-2.689142
-2.617093
-2.537076
-2.444846
-2.331688
-2.213243
-2.321251
-2.426637
-2.529980
-2.631589
-2.731708
-2.830565
-2.928384
-3.025388
-3.121800
-3.142904
-3.045805
-2.947765
-2.848571
-2.748011
-2.645884
-2.542000
-2.436188
-2.557428
-2.678545
-2.800184
-2.922450
-3.045342
-3.049302
-3.053513
-3.057743
-3.061929
-3.066054
-3.070115
-3.074110
-3.078037
-3.081895
-3.085685
-3.089404
-3.093051
-3.096624
-3.100120
-3.103536
-3.106869
-3.110113
-3.113265
-3.116319
-3.119267
-3.122102
-3.124813
-3.127387
-3.129804
-3.132039
-3.134050
-3.135773
-3.137094
-3.137809
-3.137520
-3.135406
-3.129686
-3.116374
-3.087114
-3.029896
-2.943320
-2.848649
-2.773901
-2.730160
-2.708581
-2.698108
-2.692749
-2.689789
-2.687994
-2.686778
-2.685845
-2.685041
-2.684279
-2.683510
-2.682702
-2.681837
-2.680903
-2.679890
-2.678794
-2.677609
-2.676331
-2.674957
-2.673485
-2.671912
-2.670234
-2.668448
-2.666551
-2.664541
-2.662414
-2.660168
-2.657800
-2.655308
-2.652687
-2.649934
-2.647046
-2.644020
-2.640851
-2.637534
-2.634067
-2.630443
-2.626659
-2.622709
-2.618587
-2.614288
-2.609806
-2.605135
-2.600267
-2.595195
-2.589913
-2.584413
-2.578686
-2.572724
-2.566517
-2.560056
-2.553330
-2.546330
-2.539046
-2.531466
-2.523580
-2.515375
-2.506840
-2.497963
-2.488729
-2.479127
-2.469142
-2.458760
-2.447969
-2.436753
-2.425098
-2.412992
-2.400419
-2.387367
-2.373823
-2.359774
-2.345210
-2.330119
-2.314492
-2.298320
-2.281595
-2.264311
-2.246462
-2.228045
-2.209059
-2.189503
-2.169381
-2.148702
-2.127476
-2.105722
-2.083461
-2.060717
-2.037524
-2.013921
-1.989951
-1.965651
-1.941043
-1.916099
-1.890671
-1.864320
-1.835823
-1.801515
-1.746767
-1.630329
-1.723161
-1.790508
-1.853227
-1.916386
-1.982552
-2.053118
-2.128417
-2.208538
-2.295143
-2.394137
-2.512446
-2.631552
-2.547503
-2.504853
-2.469142
-2.432955
-2.394057
-2.351348
-2.303874
-2.250479
-2.189538
-2.118638
-2.033828
-1.930424
-1.821383
-1.711634
-1.831402
-1.837883
-1.844475
-1.851085
-1.857698
-1.864315
-1.870941
-1.877584
-1.884251
-1.890949
-1.897687
-1.904472
-1.911311
-1.918210
-1.925176
-1.932214
-1.939325
-1.946508
-1.953754
-1.961036
-1.968287
-1.975333
-1.981681
-1.985732
-1.981069
-1.938674
-1.850140
-1.760928
-1.671319
-1.581729
-1.492628
-1.404523
-1.324808
-1.310109
-1.310431
-1.314285
-1.319170
-1.324390
-1.329709
-1.335037
-1.340337
-1.345596
-1.350808
-1.355974
-1.361099
-1.366187
-1.371246
-1.376281
-1.381300
-1.386310
-1.391320
-1.396336
-1.401367
-1.406420
-1.411502
-1.416621
-1.421784
-1.426996
-1.432264
-1.437593
-1.442983
-1.448436
-1.453944
-1.459487
-1.465013
-1.470402
-1.475328
-1.478837
-1.477566
-1.456977
-1.363541
-1.263859
-1.163906
-1.063804
-0.963755
-0.864199
-0.838063
-0.834262
-0.835829
-0.838984
-0.842679
-0.846560
-0.850490
-0.854411
-0.858299
-0.862143
-0.865943
-0.869700
-0.873419
-0.877104
-0.880762
-0.884400
-0.888024
-0.891642
-0.895260
-0.898887
-0.902528
-0.906190
-0.909879
-0.913601
-0.917361
-0.921160
-0.925001
-0.928878
-0.932780
-0.936674
-0.940491
-0.944064
-0.946969
-0.947988
-0.942971
-0.915079
-0.812414
-0.705384
-0.598163
-0.490459
-0.382937
-0.349136
-0.341741
-0.341138
-0.342648
-0.344922
-0.347493
-0.350174
-0.352882
-0.355582
-0.358255
-0.360896
-0.363505
-0.366081
-0.368631
-0.371157
-0.373666
-0.376164
-0.378655
-0.381146
-0.383629
-0.386155
-0.388675
-0.391214
-0.393774
-0.396353
-0.398946
-0.401539
-0.404100
-0.406559
-0.408769
-0.410372
-0.410442
-0.406176
-0.387583
-0.318483
-0.210457
-0.102410
0.006024
0.115107
0.156574
0.167415
0.170004
0.169911
0.168815
0.167298
0.165599
0.163824
0.162023
0.160219
0.158425
0.156643
0.154875
0.153118
0.151369
0.149624
0.147878
0.146128
0.144368
0.142596
0.140809
0.139005
0.137185
0.135355
0.133526
0.131726
0.130006
0.128476
0.127376
0.127281
0.129720
0.139436
0.173316
0.279843
0.388609
0.497644
0.607230
0.656093
0.670872
0.675483
0.676556
0.676154
0.675035
0.673510
0.671716
0.669717
0.667536
0.665179
0.662639
0.659904
0.656953
0.653765
0.650313
0.646569
0.642500
0.638075
0.633264
0.628040
0.622395
0.616363
0.610073
0.603910
0.598996
0.598999
0.618400
0.717008
0.826135
0.708017
0.817395
0.926267
1.035334
1.144948
1.255366
1.313688
1.322341
1.323324
1.322311
1.320463
1.318061
1.315142
1.311649
1.307464
1.302406
1.296205
1.288440
1.278396
1.264641
1.243394
1.193942
1.248565
1.186461
1.225711
1.340952
1.332584
1.321229
1.304425
1.275298
1.175712
1.203784
1.240499
1.299880
1.414175
1.414600
1.414942
1.414978
1.414766
1.413833
1.411622
1.407111
1.397474
1.366852
1.427292
1.400574
1.433955
1.431163
1.434906
1.440810
1.449394
1.465367
1.492063
1.518720
1.547466
1.580500
1.621051
1.672418
1.733964
1.797117
1.851582
1.894458
1.928406
1.956789
1.981969
2.005356
2.027755
2.049624
2.071229
2.092723
2.114195
2.135701
2.157270
2.178923
2.200670
2.222517
2.244466
2.266522
2.288684
2.310954
2.333338
2.355853
2.378548
2.401543
2.425143
2.450152
2.479063
2.522565
2.643792
2.553692
2.488394
2.427699
2.366031
2.300343
2.228257
2.146958
2.050936
1.938898
1.826236
1.945255
2.063843
2.115531
2.150679
2.180021
2.206690
2.231928
2.256320
2.280173
2.303658
2.326877
2.349890
2.372732
2.395420
2.417959
2.440338
2.462535
2.484509
2.506197
2.527506
2.548306
2.568423
2.587642
2.605728
2.622470
2.637738
2.651516
2.663902
2.675061
2.685182
2.694450
2.703022
2.711030
2.718580
2.725755
2.732622
2.739230
2.745620
2.751823
2.757864
2.763762
-0.846913
-0.829101
-0.811250
-0.793361
-0.775435
-0.757472
-0.739471
-0.721430
-0.703345
-0.685215
-0.667036
-0.648804
-0.630516
-0.612168
-0.593757
-0.575279
-0.556730
-0.538108
-0.519408
-0.500622
-0.481747
-0.462776
-0.443699
-0.424502
-0.405160
-0.385630
-0.365826
-0.345576
-0.324505
-0.301726
-0.274921
-0.237200
-0.165551
-0.042179
0.081617
0.206224
0.308846
0.352734
0.373840
0.377317
0.372347
0.370244
0.367811
0.365615
0.363501
0.361447
0.359450
0.357538
0.355795
0.354431
0.354015
0.356280
0.367498
0.387294
0.512845
0.410404
0.307989
0.432185
0.555626
0.679137
0.803120
0.927858
1.053607
1.180610
1.309108
1.211657
1.342103
1.473403
1.606383
1.709601
1.766027
1.819180
1.872317
1.925875
1.979934
2.034551
2.089880
2.146737
2.211018
2.226987
2.287332
2.357460
2.450776
2.606635
2.765078
2.712217
2.639243
2.801309
2.731621
2.896688
2.830729
2.998952
2.937221
3.108859
3.056233
3.001695
2.949264
2.898876
2.850516
2.804218
2.987892
3.175930
3.144150
3.120255
3.333558
3.576041
nan
nan
nan
nan
nan
nan
nan
nan
nan
nan
nan
nan
nan
nan
nan
nan
nan
nan
nan
nan
nan
nan
nan
nan
nan
nan
nan
nan
nan
nan
nan
nan
nan
nan
nan
nan
nan
nan
nan
nan
nan
nan
nan
nan
nan
nan
nan
nan
nan
nan
nan
nan
nan
nan
nan
nan
nan
nan
nan
nan
nan
nan
nan
nan
nan
nan
nan
nan
nan
nan
nan
nan
nan
nan
nan
nan
nan
nan
nan
nan
nan
nan
nan
nan
nan
nan
nan
nan
nan
nan
nan
nan
nan
nan
nan
nan
nan
nan
nan
nan
nan
nan
nan
nan
nan
nan
nan
nan
nan
nan
nan
nan
nan
nan
nan
nan
nan
nan
nan
nan
nan
nan
nan
nan
nan
nan
nan
nan
nan
nan
nan
nan
nan
nan
nan
nan
nan
nan
nan
nan
nan
nan
nan
nan
nan
nan
nan
nan
nan
nan
nan
nan
nan
nan
nan
nan
nan
nan
nan
nan
nan
nan
nan
nan
nan
nan
nan
nan
nan
nan
nan
nan
nan
nan
nan
nan
nan
nan
nan
nan
nan
nan
nan
nan
nan
nan
nan
nan
nan
nan
nan
nan
nan
nan
nan
nan
nan
nan
nan
nan
nan
nan
nan
nan
nan
nan
nan
nan
nan
nan
nan
nan
nan
nan
nan
nan
nan
nan
nan
nan
nan
nan
nan
nan
nan
nan
nan
nan
nan
nan
nan
nan
nan
nan
nan
nan
nan
nan
nan
nan
nan
nan
nan
nan
nan
nan
nan
nan
nan
nan
nan
nan
nan
nan
nan
nan
nan
nan
nan
nan
nan
nan
nan
nan
nan
nan
nan
nan
nan
nan
nan
nan
nan
nan
nan
nan
nan
nan
nan
nan
nan
nan
nan
nan
nan
nan
nan
nan
nan
nan
nan
nan
nan
nan
nan
nan
nan
nan
nan
nan
nan
nan
nan
nan
nan
nan
nan
nan
nan
nan
nan
nan
nan
nan
nan
nan
nan
nan
nan
nan
nan
nan
nan
nan
nan
nan
nan
nan
nan
nan
nan
nan
nan
nan
nan
nan
nan
nan
nan
nan
nan
nan
nan
nan
nan
nan
nan
nan
nan
nan
nan
nan
nan
nan
nan
nan
nan
nan
nan
nan
nan
nan
nan
nan
nan
nan
nan
nan
nan
nan
nan
nan
nan
nan
nan
nan
nan
nan
nan
nan
nan
nan
nan
nan
nan
nan
nan
nan
nan
nan
nan
nan
nan
nan
nan
nan
nan
nan
nan
nan
nan
nan
nan
nan
nan
nan
nan
nan
nan
nan
nan
nan
nan
nan
nan
nan
nan
nan
nan
nan
nan
nan
nan
nan
nan
nan
nan
nan
nan
nan
nan
nan
nan
nan
nan
nan
nan
nan
nan
nan
nan
nan
nan
nan
nan
nan
nan
nan
nan
nan
nan
nan
nan
nan
nan
nan
nan
nan
nan
nan
nan
nan
nan
nan
nan
nan
nan
nan
nan
nan
nan
nan
nan
nan
nan
nan
nan
nan
nan
nan
nan
nan
nan
nan
nan
nan
nan
nan
nan
nan
nan
nan
nan
nan
nan
nan
nan
nan
nan
nan
nan
nan
nan
nan
nan
nan
nan
nan
nan
nan
nan
nan
nan
nan
nan
nan
nan
nan
nan
nan
nan
nan
nan
nan
nan
nan
nan
nan
nan
nan
nan
nan
nan
nan
nan
nan
nan
nan
nan
nan
nan
nan
nan
nan
nan
nan
nan
nan
nan
nan
nan
nan
nan
nan
nan
nan
nan
nan
nan
nan
nan
nan
nan
nan
nan
nan
nan
nan
nan
nan
nan
nan
nan
nan
nan
nan
nan
nan
nan
nan
nan
nan
nan
nan
nan
nan
nan
nan
nan
nan
nan
nan
nan
nan
nan
nan
nan
nan
nan
nan
nan
nan
nan
nan
nan
nan
nan
nan
nan
nan
nan
nan
nan
nan
nan
nan
nan
nan
nan
nan
nan
nan
nan
nan
nan
nan
nan
nan
nan
nan
nan
nan
nan
nan
nan
nan
nan
nan
nan
nan
nan
nan
nan
nan
nan
nan
nan
nan
nan
nan
nan
nan
nan
nan
nan
nan
nan
nan
nan
nan
nan
nan
nan
nan
nan
nan
nan
nan
nan
nan
nan
nan
nan
nan
nan
nan
nan
nan
nan
nan
nan
nan
nan
nan
nan
nan
nan
nan
nan
nan
nan
nan
nan
nan
nan
nan
nan
nan
nan
nan
nan
nan
nan
nan
nan
nan
nan
nan
nan
nan
nan
nan
nan
nan
nan
nan
nan
nan
nan
