nan
0.002000
0.002000
0.002000
0.002001
0.002001
0.002001
0.002001
0.002001
0.002000
0.001522
0.001675
0.001833
0.001968
0.002027
0.002007
0.002003
0.002002
0.002002
0.002069
0.002198
0.002489
0.003524
0.003260
0.002987
0.002814
0.002640
0.002466
0.002322
0.002196
0.002045
0.002010
0.002003
0.001991
0.001990
0.002010
0.002011
0.002012
0.002015
0.002014
0.002018
0.002024
0.002032
0.002035
0.002009
0.000964
0.001078
0.001207
0.001339
0.001517
0.001701
0.001886
0.001979
0.001997
0.002001
0.002002
0.002002
0.002002
0.002002
0.002002
0.002002
0.002002
0.002002
0.002002
0.002002
0.002002
0.002002
0.002001
0.002001
0.002001
0.002001
0.002001
0.002000
0.002000
0.002000
0.002000
0.002001
0.002001
0.002001
0.002001
0.002001
0.002001
0.002001
0.001999
0.001999
0.001999
0.001999
0.002000
0.002000
0.002000
0.002000
0.002000
0.002000
0.002000
0.002000
0.002000
0.002000
0.002000
0.001999
0.001999
0.001999
0.001999
0.001999
0.001999
0.001999
0.001999
0.001999
0.001999
0.001999
0.001999
0.001999
0.001999
0.001999
0.001999
0.001999
0.001999
0.001999
0.001999
0.001999
0.001999
0.001999
0.001999
0.001999
0.001999
0.001999
0.001999
0.001999
0.001999
0.001999
0.001999
0.001999
0.001998
0.001998
0.001998
0.001998
0.001998
0.001998
0.001998
0.001998
0.001998
0.001998
0.001998
0.001998
0.001998
0.001998
0.001998
0.001998
0.001998
0.001998
0.001998
0.001998
0.001998
0.001998
0.001998
0.001998
0.001998
0.001998
0.001998
0.001998
0.001998
0.001998
0.001998
0.001998
0.001997
0.001997
0.001997
0.001997
0.001997
0.001997
0.001997
0.001997
0.001997
0.001997
0.001997
0.001997
0.001997
0.001997
0.001997
0.001997
0.001997
0.001997
0.001997
0.001997
0.001997
0.001997
0.001997
0.001997
0.001997
0.001997
0.001997
0.001997
0.001997
0.001997
0.001997
0.001997
0.001997
0.001996
0.001996
0.001996
0.001996
0.001996
0.001996
0.001996
0.001996
0.001996
0.001996
0.001996
0.001996
0.001996
0.001996
0.001996
0.001996
0.001996
0.001996
0.001996
0.001996
0.001996
0.001996
0.001996
0.001996
0.001996
0.001996
0.001996
0.001996
0.001996
0.001996
0.001996
0.001996
0.001996
0.001996
0.001996
0.001996
0.001996
0.001996
0.001996
0.001996
0.001996
0.001996
0.001996
0.001996
0.001996
0.001996
0.001996
0.001996
0.001996
0.001996
0.001996
0.001996
0.001996
0.001996
0.001996
0.001996
0.001996
0.001996
0.001996
0.001996
0.001996
0.001996
0.001996
0.001996
0.001996
0.001996
0.001996
0.001996
0.001997
0.001997
0.001997
0.001997
0.001997
0.001997
0.001997
0.001998
0.001998
0.001998
0.001998
0.001998
0.001999
0.001999
0.001999
0.002000
0.002000
0.002000
0.002001
0.002001
0.002002
0.002002
0.002003
0.002004
0.002004
0.002005
0.002006
0.002007
0.002008
0.002009
0.002011
0.002012
0.002013
0.002015
0.002017
0.002019
0.002022
0.002025
0.002028
0.002031
0.002036
0.002039
0.002040
0.002041
0.002041
0.002041
0.002041
0.002041
0.002041
0.002041
0.002042
0.002042
0.002042
0.002042
0.002042
0.002042
0.002042
0.002043
0.002043
0.002043
0.002043
0.002043
0.002043
0.002044
0.002044
0.002044
0.002044
0.002044
0.002045
0.002045
0.002045
0.002045
0.002045
0.002046
0.002046
0.002046
0.002046
0.002046
0.002047
0.002047
0.002047
0.002047
0.002048
0.002048
0.002048
0.002048
0.002049
0.002049
0.002049
0.002051
0.002050
0.002052
0.002051
0.002051
0.002053
0.002052
0.002055
0.002054
0.002054
0.002056
0.002055
0.002058
0.002057
0.002057
0.002064
0.002065
0.002075
0.002078
0.002083
0.002098
0.002106
0.002117
0.002138
0.002151
0.002177
0.002193
0.002214
0.002247
0.002269
0.002308
0.002333
0.002367
0.002416
0.002447
0.002504
0.002540
0.002589
0.002658
0.002702
0.002780
0.002830
0.002899
0.002994
0.003054
0.003157
0.003228
0.003323
0.003438
0.003533
0.003653
0.003770
0.003899
0.004036
0.004182
0.004337
0.004502
0.004678
0.004867
0.005069
0.005285
0.005518
0.005768
0.006039
0.006135
0.006644
0.006422
0.005768
0.006746
0.006083
0.007056
0.006377
0.005719
0.006671
0.006006
0.006825
0.006294
0.006882
0.006669
0.006670
0.006672
0.006674
0.006296
0.006117
0.006119
0.006120
0.006121
0.006995
0.006425
0.005748
0.006669
0.006083
0.007061
0.006394
0.005712
0.006614
0.006048
0.007047
0.006370
0.007365
0.006654
0.005940
0.006946
0.006241
0.007253
0.006512
0.005784
0.006811
0.006084
0.007112
0.006360
0.005626
0.006500
0.005945
0.006997
0.006244
0.007285
0.006510
0.005752
0.006773
0.006051
0.007109
0.006325
0.005561
0.006437
0.005884
0.006970
0.006186
0.007236
0.006441
0.005662
0.006599
0.006085
0.006857
0.006459
0.006296
0.006297
0.006298
0.006294
0.006299
0.007006
0.006570
0.005763
0.006817
0.006059
0.007168
0.006327
0.005510
0.006402
0.005832
0.006970
0.006131
0.007261
0.006398
0.005557
0.006472
0.005876
0.007033
0.006168
0.007230
0.006431
0.005660
0.006635
0.006188
0.006880
0.006635
0.006636
0.006638
0.006618
0.006643
0.006164
0.005227
0.006111
0.005917
0.006380
0.006381
0.006383
0.006384
0.006386
0.005741
0.006322
0.005831
0.006637
0.006125
0.006945
0.006425
0.005716
0.006437
0.005878
0.006742
0.006184
0.007030
0.006449
0.005605
0.006565
0.005904
0.006643
0.006083
0.006964
0.006359
0.005430
0.006320
0.007648
0.006944
0.005893
0.006841
0.006114
0.007104
0.006304
0.005197
0.006316
0.005480
0.006652
0.005759
0.006293
0.005843
0.005415
0.005126
0.004820
0.004515
0.004195
0.003890
0.003570
0.003266
0.002949
0.002646
0.002332
0.002070
0.002008
0.001995
0.001993
0.001992
0.001992
0.001992
0.001992
0.001992
0.001992
0.001992
0.001992
0.001992
0.001992
0.001992
0.001992
0.001992
0.001992
0.001992
0.001992
0.001992
0.001992
0.001993
0.001992
0.001999
0.001999
0.002001
0.002001
0.002001
0.002001
0.002000
0.002001
0.002001
0.002001
0.002001
0.002001
0.002001
0.002001
0.002001
0.002001
0.002001
0.002001
0.002000
0.002001
0.002000
0.002001
0.002001
0.002001
0.002001
0.002001
0.002000
0.002001
0.002000
0.002000
0.002000
0.002001
0.002001
0.002000
0.001992
0.001991
0.001991
0.001991
0.001991
0.001991
0.001991
0.001991
0.001991
0.001991
0.001999
0.002001
0.002001
0.002001
0.002001
0.002001
0.002001
0.002001
0.002001
0.002001
0.002001
0.002001
0.002001
0.001998
0.002001
0.002001
0.002009
0.002010
0.001990
0.001990
0.001990
0.001990
0.001990
0.001990
0.001990
0.001990
0.001990
0.001990
0.001991
0.001991
0.001990
0.001990
0.001990
0.001990
0.001999
0.002001
0.002001
0.002001
0.002001
0.002001
0.002001
0.002002
0.002002
0.001993
0.001991
0.001990
0.001990
0.001990
0.001999
0.002000
0.002000
0.002000
0.002000
0.002009
0.002011
0.002011
0.001989
0.001989
0.001989
0.001989
0.001989
0.001989
0.001989
0.001989
0.001989
0.001989
0.001989
0.001989
0.001989
0.001989
0.001989
0.001989
0.001989
0.001989
0.001989
0.001989
0.001989
0.001989
0.001989
0.001989
0.001989
0.001988
0.001989
0.001988
0.001988
0.001988
0.001988
0.001988
0.001988
0.001988
0.001988
0.001988
0.001988
0.001988
0.001988
0.001988
0.001988
0.001988
0.001988
0.001988
0.001988
0.001988
0.001988
0.001988
0.001988
0.001988
0.001988
0.001988
0.001988
0.001988
0.001988
0.001988
0.001988
0.001988
0.001988
0.001988
0.001988
0.001988
0.001988
0.001988
0.001988
0.001988
0.001988
0.001988
0.001987
0.001987
0.001987
0.001987
0.001987
0.001987
0.001987
0.001987
0.001987
0.001987
0.001987
0.001987
0.001987
0.001987
0.001987
0.001987
0.001987
0.001987
0.001987
0.001987
0.001987
0.001987
0.001987
0.001987
0.001987
0.001987
0.001987
0.001987
0.001987
0.001987
0.001987
0.001987
0.001987
0.001987
0.001987
0.001987
0.001987
0.001987
0.001987
0.001987
0.001987
0.001987
0.001987
0.001987
0.001987
0.001986
0.001986
0.001986
0.001986
0.001986
0.001986
0.001986
0.001986
0.001986
0.001986
0.001986
0.001986
0.001986
0.001986
0.001986
0.001986
0.001986
0.001986
0.001986
0.001986
0.001986
0.001986
0.001986
0.001986
0.001986
0.001986
0.001986
0.001986
0.001986
0.001986
0.001986
0.001986
0.001986
0.001986
0.001986
0.001986
0.001986
0.001986
0.001986
0.001986
0.001986
0.001986
0.001986
0.001986
0.001986
0.001986
0.001986
0.001986
0.001986
0.001985
0.001985
0.001985
0.001985
0.001985
0.001985
0.001985
0.001985
0.001985
0.001985
0.001985
0.001985
0.001985
0.001985
0.001985
0.001985
0.001985
0.001985
0.001985
0.001985
0.001985
0.001985
0.001985
0.001985
0.001985
0.001985
0.001985
0.001985
0.001985
0.001985
0.001985
0.001985
0.001985
0.001985
0.001985
0.001985
0.001985
0.001985
0.001985
0.001985
0.001985
0.001985
0.001985
0.001985
0.001985
0.001985
0.001985
0.001985
0.001985
0.001985
0.001985
0.001985
0.001985
0.001985
0.001985
0.001984
0.001984
0.001984
0.001984
0.001984
0.001984
0.001984
0.001984
0.001984
0.001984
0.001984
0.001984
0.001984
0.001984
0.001984
0.001984
0.001984
0.001984
0.001984
0.001984
0.001984
0.001984
0.001984
0.001984
0.001984
0.001984
0.001984
0.001984
0.001984
0.001984
0.001984
0.001984
0.001984
0.001984
0.001984
0.001984
0.001984
0.001984
0.001984
0.001984
0.001984
0.001984
0.001984
0.001984
0.001984
0.001984
0.001984
0.001984
0.001984
0.001984
0.001984
0.001984
0.001984
0.001984
0.001984
0.001984
0.001984
0.001984
0.001984
0.001984
0.001983
0.001983
0.001984
0.001983
0.001983
0.001983
0.001983
0.001983
0.001983
0.001983
0.001983
0.001983
0.001983
0.001983
0.001983
0.001983
0.001983
0.001983
0.001983
0.001983
0.001983
0.001983
0.001983
0.001983
0.001983
0.001983
0.001983
0.001983
0.001983
0.001983
0.001983
0.001983
0.001983
0.001983
0.001983
0.001983
0.001983
0.001983
0.001983
0.001983
0.001983
0.001983
0.001983
0.001983
0.001983
0.001983
0.001983
0.001983
0.001983
0.001983
0.001983
0.001983
0.001983
0.001983
0.001983
0.001983
0.001983
0.001983
0.001983
0.001983
0.001983
0.001983
0.001983
0.001983
0.001983
0.001983
0.001983
0.001983
0.001983
0.001983
0.001983
0.001983
0.001983
0.001983
0.001983
0.001982
0.001982
0.001983
0.001982
0.001982
0.001982
0.001982
0.001982
0.001982
0.001982
0.001982
0.001982
0.001982
0.001982
0.001982
0.001982
0.001982
0.001982
0.001982
0.001982
0.001982
0.001982
0.001982
0.001982
0.001982
0.001982
0.001982
0.001982
0.001982
0.001982
0.001982
0.001982
0.001982
0.001982
0.001982
0.001982
0.001982
0.001982
0.001982
0.001982
0.001982
0.001982
0.001982
0.001982
0.001982
0.001982
0.001982
0.001982
0.001982
0.001982
0.001982
0.001982
0.001982
0.001982
0.001982
0.001982
0.001982
0.001982
0.001982
0.001982
0.001982
0.001982
0.001982
0.001982
0.001982
0.001982
0.001982
0.001982
0.001982
0.001982
0.001982
0.001982
0.001982
0.001982
0.001982
0.001982
0.001982
0.001982
0.001982
0.001982
0.001982
0.001982
0.001982
0.001982
0.001982
0.001982
0.001982
0.001982
0.001982
0.001982
0.001982
0.001981
0.001981
0.001982
0.001981
0.001981
0.001981
0.001981
0.001982
0.001981
0.001981
0.001982
0.001981
0.001981
0.001981
0.001981
0.001981
0.001981
0.001981
0.001981
0.001981
0.001981
0.001981
0.001981
0.001981
0.001981
0.001981
0.001981
0.001981
0.001981
0.001981
0.001981
0.001981
0.001981
0.001981
0.001981
0.001981
0.001981
0.001981
0.001981
0.001981
0.001981
0.001981
0.001981
0.001981
0.001981
0.001981
0.001981
0.001981
0.001981
0.001981
0.001981
0.001981
0.001981
0.001981
0.001981
0.001981
0.001981
0.001981
0.001981
0.001981
0.001981
0.001981
0.001981
0.001981
0.001981
0.001981
0.001981
0.001981
0.001981
0.001981
0.001981
0.001981
0.001981
0.001981
0.001981
0.001981
0.001981
0.001981
0.001981
0.001981
0.001981
0.001981
0.001981
0.001981
0.001981
0.001981
0.001981
0.001981
0.001981
0.001981
0.001981
0.001981
0.001981
0.001981
0.001981
0.001981
0.001981
0.001981
0.001981
0.001981
0.001981
0.001981
0.001981
0.001981
0.001981
0.001981
0.001981
0.001981
0.001981
0.001981
0.001981
0.001981
0.001981
0.001981
0.001981
0.001981
0.001981
0.001981
0.001981
0.001981
0.001981
0.001981
0.001981
0.001981
0.001981
0.001981
0.001981
0.001981
0.001981
0.001981
0.001981
0.001981
0.001981
0.001981
0.001981
0.001981
0.001980
0.001981
0.001981
0.001981
0.001981
0.001980
0.001981
0.001981
0.001981
0.001981
0.001980
0.001981
0.001980
0.001980
0.001981
0.001980
0.001981
0.001980
0.001980
0.001980
0.001980
0.001981
0.001980
0.001981
0.001980
0.001980
0.001981
0.001980
0.001981
0.001980
0.001980
0.001980
0.001980
0.001981
0.001980
0.001980
0.001980
0.001980
0.001980
0.001980
0.001981
0.001980
0.001980
0.001980
0.001980
0.001980
0.001980
0.001980
0.001980
0.001980
0.001980
0.001980
0.001980
0.001980
0.001980
0.001980
0.001980
0.001980
0.001980
0.001980
0.001980
0.001980
0.001980
0.001980
0.001980
0.001980
0.001980
0.001980
0.001980
0.001980
0.001980
0.001980
0.001980
0.001980
0.001980
0.001980
0.001980
0.001980
0.001980
0.001980
0.001980
0.001980
0.001980
0.001980
0.001980
0.001980
0.001980
0.001980
0.001980
0.001980
0.001980
0.001980
0.001980
0.001980
0.001980
0.001980
0.001980
0.001980
0.001980
0.001980
0.001980
0.001980
0.001980
0.001980
0.001980
0.001980
0.001980
0.001980
0.001980
0.001980
0.001980
0.001980
0.001980
0.001980
0.001980
0.001980
0.001980
0.001980
0.001980
0.001980
0.001980
0.001980
0.001980
0.001980
0.001980
0.001980
0.001980
0.001980
0.001980
0.001980
0.001980
0.001980
0.001980
0.001980
0.001980
0.001980
0.001980
0.001980
0.001980
0.001980
0.001980
0.001980
0.001980
0.001980
0.001983
0.001981
0.001990
0.001982
0.001996
0.001990
0.001998
0.001999
0.001999
0.002000
0.001999
0.002000
0.001999
0.002000
0.001999
0.002000
0.001999
0.002000
0.001999
0.001999
0.001999
0.001999
0.001999
0.001999
0.001999
0.001999
0.001997
0.001991
0.001996
0.001999
0.002000
0.002000
0.001999
0.002000
0.002000
0.002000
0.002000
0.002000
0.002000
0.002015
0.002019
0.002019
0.001980
0.001980
0.001980
0.001980
0.001980
0.001980
0.001980
0.001980
0.001980
0.001980
0.001980
0.001980
0.001980
0.001980
0.001980
0.001980
0.001980
0.001980
0.001980
0.001980
0.001980
0.001980
0.001980
0.001980
0.001980
0.001980
0.001980
0.001980
0.001980
0.001980
0.001980
0.001980
0.001980
0.001980
0.001980
0.001980
0.001980
0.001980
0.001980
0.001980
0.001980
0.001980
0.001980
0.001980
0.001980
0.001980
0.001980
0.001980
0.001980
0.001980
0.001980
0.001980
0.001980
0.001980
0.001980
0.001980
0.001980
0.001980
0.001980
0.001980
0.001980
0.001980
0.001980
0.001980
0.001980
0.001980
0.001980
0.001980
0.001980
0.001980
0.001980
0.001980
0.001980
0.001980
0.001980
0.001980
0.001980
0.001980
0.001980
0.001980
0.001980
0.001980
0.001985
0.001983
0.001992
0.001996
0.001999
0.002000
0.002000
0.002000
0.002000
0.002000
0.002000
0.002000
0.002000
0.002000
0.002000
0.002000
0.002000
0.002000
0.002000
0.002000
0.002000
0.002000
0.002000
0.002000
0.002000
0.002002
0.002016
0.002011
0.002002
0.002000
0.002016
0.002019
0.002020
0.002020
0.001980
0.001980
0.001980
0.001980
0.001980
0.001980
0.001980
0.001980
0.001980
0.001980
0.001980
0.001980
0.001980
0.001980
0.001996
0.001999
0.002000
0.002000
0.002000
0.002000
0.002000
0.001984
0.001981
0.001996
0.001996
0.001993
0.001999
0.002000
0.001984
0.001981
0.001981
0.001988
0.001998
0.002000
0.001984
0.001981
0.001980
0.001980
0.001981
0.001981
0.001984
0.001998
0.002000
0.002001
0.002001
0.002001
0.002001
0.002001
0.002000
0.002000
0.002000
0.002000
0.002000
0.002000
0.002000
0.002001
0.002001
0.002001
0.002001
0.002001
0.002001
0.002001
0.002000
0.002000
0.002016
0.002020
0.002020
0.002020
0.002020
0.002020
0.002020
0.002020
0.002020
0.002020
0.002020
0.002020
0.002020
0.002020
0.002020
0.002020
0.002020
0.002020
0.002020
0.002020
0.002020
0.002020
0.002020
0.002020
0.002020
0.002020
0.002020
0.002020
0.002020
0.002020
0.002020
0.002020
0.002020
0.002020
0.002020
0.002020
0.002021
0.002021
0.002021
0.002021
0.002021
0.002021
0.002021
0.002021
0.002021
0.002021
0.002021
0.002021
0.002021
0.002021
0.002021
0.002021
0.002020
0.002020
0.002020
0.002020
0.002020
0.002020
0.002020
0.002020
0.002020
0.002020
0.002020
0.002020
0.002020
0.002020
0.002020
0.002020
0.002020
0.002020
0.002020
0.002020
0.002020
0.002020
0.002020
0.002020
0.002020
0.002020
0.002020
0.002020
0.002020
0.002020
0.002020
0.002020
0.002020
0.002020
0.002020
0.002020
0.002020
0.002020
0.002020
0.002020
0.002020
0.002020
0.002020
0.002020
0.002020
0.002020
0.002020
0.002020
0.002020
0.002020
0.002020
0.002020
0.002020
0.002019
0.002019
0.002019
0.002019
0.002019
0.002019
0.002019
0.002019
0.002019
0.002019
0.002019
0.002019
0.002019
0.002019
0.002019
0.002019
0.002019
0.002018
0.002018
0.002018
0.002018
0.002018
0.002018
0.002018
0.002018
0.002018
0.002018
0.002017
0.002017
0.002017
0.002017
0.002000
0.002013
0.002016
0.002017
0.002017
0.002017
0.002018
0.002018
0.002018
0.002018
0.002019
0.002003
0.002000
0.002015
0.002019
0.002019
0.002019
0.002019
0.002019
0.002019
0.002018
0.002018
0.002018
0.002018
0.002012
0.001999
0.001996
0.001996
0.002013
0.002016
0.002017
0.002017
0.002017
0.002017
0.002017
0.002017
0.002017
0.002017
0.002017
0.002017
0.002017
0.002017
0.002017
0.002017
0.002017
0.002017
0.002017
0.002017
0.002017
0.002017
0.002018
0.002018
0.002017
0.002017
0.002017
0.002016
0.002016
0.002016
0.002016
0.002015
0.002015
0.002015
0.002015
0.002015
0.002015
0.002016
0.002016
0.002016
0.002016
0.002016
0.002016
0.002016
0.002016
0.002016
0.002017
0.002017
0.002017
0.002017
0.002017
0.002017
0.002017
0.002017
0.002017
0.002018
0.002018
0.002018
0.002018
0.002018
0.002018
0.002018
0.002018
0.002018
0.002019
0.002019
0.002019
0.002019
0.002019
0.002019
0.002015
0.002014
0.002015
0.002016
0.002018
0.002019
0.002019
0.002019
0.002020
0.002020
0.002020
0.002020
0.002021
0.002021
0.002021
0.002021
0.002021
0.002021
0.002022
0.002022
0.002022
0.002022
0.002022
0.002023
0.002023
0.002023
0.002023
0.002023
0.002023
0.002023
0.002023
0.002024
0.002024
0.002024
0.002024
0.002024
0.002024
0.002024
0.002024
0.002024
0.002025
0.002018
0.002007
0.002005
0.002005
0.002008
0.002023
0.002026
0.002027
0.002027
0.002028
0.002028
0.002028
0.002028
0.002028
0.002028
0.002028
0.002028
0.002028
0.002028
0.002028
0.002028
0.002028
0.002028
0.002028
0.002028
0.001987
0.001995
0.002006
0.002015
0.002024
0.002027
0.002027
0.002027
0.002027
0.002027
0.002027
0.002027
0.002027
0.002027
0.002027
0.002010
0.002007
0.002006
0.002006
0.002025
0.002034
0.001978
0.002000
0.002005
0.002006
0.002005
0.002004
0.002003
0.002002
0.002001
0.002001
0.002000
0.001999
0.001998
0.001997
0.001996
0.001996
0.001995
0.001994
0.001993
0.001993
0.001992
0.001991
0.001990
0.001990
0.001989
0.001988
0.001988
0.001987
0.001987
0.001986
0.001985
0.001989
0.001995
0.001995
0.001995
0.001984
0.001981
0.001980
0.001979
0.001979
0.001978
0.001978
0.001977
0.001977
0.001976
0.001976
0.001975
0.001974
0.001974
0.001974
0.001973
0.001973
0.001972
0.001972
0.001972
0.001972
0.001971
0.001971
0.001971
0.001971
0.001971
0.001971
0.001971
0.001970
0.001987
0.001991
0.001991
0.001991
0.001991
0.001991
0.001991
0.001973
0.001969
0.001968
0.001968
0.001968
0.001969
0.001969
0.001969
0.001969
0.001969
0.001969
0.001969
0.001969
0.001969
0.001969
0.001969
0.001969
0.001968
0.001968
0.001994
0.001972
0.001966
0.001964
0.001961
0.001962
0.001954
0.001942
0.001906
0.001985
0.001024
0.001462
0.001905
0.002015
0.002039
0.002047
0.002053
0.002062
0.002097
0.002360
0.001935
0.002084
0.003048
0.002762
0.002459
0.002162
0.002041
0.002016
0.002011
0.002010
0.002010
0.002010
0.002010
0.002011
0.002011
0.002011
0.002011
0.002011
0.002011
0.002011
0.002010
0.002010
0.002010
0.002010
0.002009
0.002009
0.002008
0.002008
0.002008
0.002007
0.002006
0.002006
0.002005
0.002005
0.002004
0.002003
0.002003
0.002002
0.002001
0.002000
0.001999
0.001999
0.001998
0.001997
0.001996
0.001996
0.001995
0.001994
0.001994
0.001994
0.001993
0.001993
0.001993
0.001993
0.001992
0.001992
0.001991
0.001991
0.001991
0.001990
0.001990
0.001990
0.001989
0.001989
0.001989
0.001989
0.001989
0.001989
0.001989
0.001989
0.001989
0.001989
0.001989
0.001989
0.001989
0.001989
0.001990
0.001990
0.001990
0.001991
0.001991
0.001992
0.001992
0.001993
0.001994
0.001994
0.001995
0.001995
0.001996
0.001997
0.001997
0.001998
0.001998
0.001999
0.001999
0.002000
0.002000
0.002000
0.001999
0.001999
0.001998
0.001997
0.001997
0.001996
0.001996
0.001997
0.001997
0.001998
0.001999
0.002000
0.002000
0.002001
0.002002
0.002003
0.002003
0.002004
0.002004
0.002004
0.002005
0.002005
0.002004
0.002004
0.002004
0.002004
0.002004
0.002004
0.002004
0.002004
0.002010
0.002011
0.002012
0.002006
0.002005
0.002005
0.002004
0.002004
0.002004
0.002003
0.002003
0.002002
0.002002
0.002001
0.002000
0.002000
0.001999
0.001999
0.001998
0.001997
0.001997
0.001997
0.001997
0.001996
0.001995
0.001994
0.001994
0.001993
0.001992
0.001991
0.001990
0.001989
0.001988
0.001987
0.001986
0.001985
0.002001
0.002004
0.002005
0.002004
0.002004
0.002004
0.002004
0.002004
0.002005
0.002005
0.002005
0.002006
0.002007
0.002007
0.001991
0.001989
0.002007
0.001994
0.001993
0.001994
0.001995
0.001997
0.001998
0.002000
0.002001
0.002005
0.002005
0.002006
0.002007
0.002008
0.002009
0.002010
0.002011
0.002012
0.002013
0.002014
0.002015
0.002016
0.002017
0.002018
0.002019
0.002020
0.002021
0.002021
0.002021
0.001983
0.001813
0.001629
0.001488
0.001406
0.001378
0.001396
0.001415
0.001434
0.001452
0.001470
0.001488
0.001505
0.001520
0.001535
0.001547
0.001558
0.001567
0.001573
0.001577
0.001577
0.001575
0.001570
0.001562
0.001550
0.002002
0.002079
0.002079
0.002078
0.002078
0.002077
0.002077
0.002077
0.002076
0.002076
0.002076
0.002076
0.002076
0.002076
0.002076
0.002076
0.002076
0.002077
0.002078
-0.004753
-0.004834
-0.004905
-0.004962
-0.005005
-0.005036
0.001204
-0.005243
-0.005325
-0.005387
-0.004463
-0.005062
-0.005009
-0.006712
-0.007296
-0.007958
-0.008614
-0.009250
-0.009860
-0.010442
-0.010994
-0.011441
-0.011825
-0.012178
-0.012496
-0.012781
-0.013029
-0.013242
-0.013417
-0.013554
-0.013654
-0.013714
-0.013736
-0.013716
-0.013657
-0.013563
-0.013431
-0.013261
-0.013054
-0.012811
-0.012533
-0.012222
-0.011878
-0.011503
-0.011098
-0.010745
-0.010413
-0.010061
-0.009690
-0.009303
-0.008900
-0.008481
-0.008048
-0.007602
-0.007143
-0.006672
-0.006190
-0.005697
-0.005193
-0.004679
-0.004155
-0.003622
-0.003080
-0.002529
-0.001970
-0.001404
-0.000831
-0.000252
0.000333
0.000922
0.001515
0.002095
0.002668
0.003242
0.003815
0.004387
0.004958
0.005525
0.006087
0.006643
0.007190
0.007729
0.008256
0.008772
0.009274
0.009762
0.010235
0.010691
0.011130
0.011551
0.011953
0.012336
0.012431
0.012501
0.012564
0.012624
0.012680
0.012732
0.012780
0.012824
0.012863
0.012897
0.012926
0.012951
0.012969
0.012982
0.012989
0.012990
0.012984
0.012972
0.012953
0.012925
0.012874
0.012800
0.012703
0.012580
0.012433
0.012260
0.012061
0.011835
0.011582
0.011302
0.010993
0.010656
0.010291
0.009899
0.009479
0.009032
0.008560
0.008063
0.007544
0.007003
0.006444
0.005868
0.005276
0.004673
0.004059
0.003438
0.002811
0.002210
0.001628
0.001049
0.000472
0.000060
-0.000312
-0.000680
-0.001044
-0.001401
-0.001719
-0.001655
-0.001579
-0.001498
-0.001415
-0.001330
-0.001286
-0.001240
-0.001194
-0.001146
-0.001097
-0.001046
-0.000995
-0.000942
-0.000887
-0.000832
-0.000775
-0.000718
-0.000659
-0.000599
-0.000537
-0.000475
-0.000411
-0.000347
-0.000281
-0.000214
-0.000146
-0.000077
-0.000007
0.000063
0.000135
0.000208
0.000281
0.000355
0.000431
0.000506
0.000583
0.000660
0.000738
0.000817
0.000896
0.000976
0.001056
0.001137
0.001218
0.001300
0.001382
0.001464
0.001546
0.001629
0.001712
0.001795
0.001878
0.001962
0.002000
0.002000
0.002000
0.002000
0.002000
0.002000
0.002000
0.002000
0.002000
0.002000
0.002000
0.002000
0.002000
0.002000
0.002000
0.002000
0.002000
0.002000
0.002000
0.002000
0.002000
0.002000
0.002000
0.002000
0.002000
0.002000
0.002000
0.002000
0.002000
0.002000
0.002000
0.002000
0.002000
0.002000
0.002000
0.002000
0.002000
0.002000
0.002000
0.002000
0.002000
0.002000
0.002000
0.002000
0.002000
0.002000
0.002000
0.002000
0.002000
0.002000
0.002000
0.002000
0.002000
0.002000
0.002000
0.002000
0.002000
0.002000
0.002000
0.002000
0.002000
0.002000
0.002000
0.002000
0.002000
0.002000
0.002000
0.002000
0.002000
0.002000
0.002000
0.002000
0.002000
0.002000
0.002000
0.002000
0.002000
0.002000
0.002000
0.002000
0.002000
0.002000
0.002000
0.002000
0.002000
0.002000
0.002000
0.002000
0.002000
0.002000
0.002000
0.002000
0.002000
0.002000
0.002000
0.002000
0.002000
0.002000
0.002000
0.002000
0.002000
0.002000
0.002000
0.002000
0.002000
0.002000
0.002000
0.002000
0.002000
0.002000
0.002000
0.002000
0.002000
0.002000
0.002000
0.002000
0.002000
0.002000
0.002000
0.002000
0.002000
0.002000
0.002000
0.002000
0.002000
0.002000
0.002000
0.002000
0.002000
0.002000
0.002000
0.002000
0.002000
0.002000
0.002000
0.002000
0.002000
0.002000
0.002000
0.002000
0.002000
0.002000
0.002000
0.002000
0.002000
0.002000
0.002000
0.002000
0.002000
0.002000
0.002000
0.002000
0.002000
0.002000
0.002000
0.002000
0.002000
0.002000
0.002000
0.002000
0.002000
0.002000
0.002000
0.002000
0.002000
0.002000
0.002000
0.002000
0.002000
0.002000
0.002000
0.002000
0.002000
0.002000
0.002000
0.002000
0.002000
0.002000
0.002000
0.002000
0.002000
0.002000
0.002000
0.002000
0.002000
0.002000
0.002000
0.002000
0.002000
0.002000
0.002000
0.002000
0.002000
0.002000
0.002000
0.002000
0.002000
0.002000
0.002000
0.002000
0.002000
0.002000
0.002000
0.002000
0.002000
0.002000
0.002000
0.002000
0.002000
0.002000
0.002000
0.002000
0.002000
0.002000
0.002000
0.002000
0.002000
0.002000
0.002000
0.002000
0.002000
0.002000
0.002000
0.002000
0.002000
0.002000
0.002000
0.002000
0.002000
0.002000
0.002000
0.002000
0.002000
0.002000
0.002000
0.002000
0.002000
0.002000
0.002000
0.002000
0.002000
0.002000
0.002000
0.002000
0.002000
0.002000
0.002000
0.002000
0.002000
0.002000
0.002000
0.002000
0.002000
0.002000
0.002000
0.002000
0.002000
0.002000
0.002000
0.002000
0.002000
0.002000
0.002000
0.002000
0.002000
0.002000
0.002000
0.002000
0.002000
0.002000
0.002000
0.002000
0.002000
0.002000
0.002000
0.002000
0.002000
0.002000
0.002000
0.002000
0.002000
0.002000
0.002000
0.002000
0.002000
0.002000
0.002000
0.002000
0.002000
0.002000
0.002000
0.002000
0.002000
0.002000
0.002000
0.002000
0.002000
0.002000
0.002000
0.002000
0.002000
0.002000
0.002000
0.002000
0.002000
0.002000
0.002000
0.002000
0.002000
0.002000
0.002000
0.002000
0.002000
0.002000
0.002000
0.002000
0.002000
0.002000
0.002000
0.002000
0.002000
0.002000
0.002000
0.002000
0.002000
0.002000
0.002000
0.002000
0.002000
0.002000
0.002000
0.002000
0.002000
0.002000
0.002000
0.002000
0.002000
0.002000
0.002000
0.002000
0.002000
0.002000
0.002000
0.002000
0.002000
0.002000
0.002000
0.002000
0.002000
0.002000
0.002000
0.002000
0.002000
0.002000
0.002000
0.002000
0.002000
0.002000
0.002000
0.002000
0.002000
0.002000
0.002000
0.002000
0.002000
0.002000
0.002000
0.002000
0.002000
0.002000
0.002000
0.002000
0.002000
0.002000
0.002000
0.002000
0.002000
0.002000
0.002000
0.002000
0.002000
0.002000
0.002000
0.002000
0.002000
0.002000
0.002000
0.002000
0.002000
0.002000
0.002000
0.002000
0.002000
0.002000
0.002000
0.002000
0.002000
0.002000
0.002000
0.002000
0.002000
0.002000
0.002000
0.002000
0.002000
0.002000
0.002000
0.002000
0.002000
0.002000
0.002000
0.002000
0.002000
0.002000
0.002000
0.002000
0.002000
0.002000
0.002000
0.002000
0.002000
0.002000
0.002000
0.002000
0.002000
0.002000
0.002000
0.002000
0.002000
0.002000
0.002000
0.002000
0.002000
0.002000
0.002000
0.002000
0.002000
0.002000
0.002000
0.002000
0.002000
0.002000
0.002000
0.002000
0.002000
0.002000
0.002000
0.002000
0.002000
0.002000
0.002000
0.002000
0.002000
0.002000
0.002000
0.002000
0.002000
0.002000
0.002000
0.002000
0.002000
0.002000
0.002000
0.002000
0.002000
