0.000000
-0.000022
-0.000006
-0.000023
-0.000052
-0.000083
-0.000069
-0.000086
-0.000070
-0.000043
0.047843
0.032518
0.016683
0.003238
-0.002727
-0.000661
-0.000266
-0.000169
-0.000169
-0.006919
-0.019779
-0.048934
-0.152399
-0.125977
-0.098675
-0.081381
-0.064027
-0.046648
-0.032169
-0.019551
-0.004512
-0.001009
-0.000295
0.000879
0.001036
-0.001049
-0.001098
-0.001227
-0.001462
-0.001449
-0.001845
-0.002444
-0.003249
-0.003468
-0.000893
0.103650
0.092229
0.079282
0.066064
0.048286
0.029930
0.011449
0.002121
0.000256
-0.000131
-0.000216
-0.000236
-0.000241
-0.000239
-0.000234
-0.000226
-0.000217
-0.000206
-0.000194
-0.000181
-0.000167
-0.000153
-0.000137
-0.000121
-0.000103
-0.000084
-0.000064
-0.000043
-0.000021
0.000002
0.000027
-0.000053
-0.000080
-0.000106
-0.000107
-0.000101
-0.000093
-0.000086
0.000079
0.000072
0.000064
0.000057
0.000049
0.000041
0.000033
0.000037
0.000033
0.000038
0.000046
0.000043
0.000047
0.000044
0.000048
0.000056
0.000053
0.000058
0.000066
0.000063
0.000068
0.000076
0.000073
0.000078
0.000086
0.000083
0.000088
0.000096
0.000093
0.000098
0.000094
0.000099
0.000107
0.000104
0.000109
0.000117
0.000114
0.000119
0.000127
0.000124
0.000129
0.000137
0.000134
0.000139
0.000135
0.000140
0.000148
0.000145
0.000150
0.000158
0.000156
0.000161
0.000169
0.000166
0.000171
0.000179
0.000176
0.000181
0.000177
0.000182
0.000190
0.000188
0.000193
0.000201
0.000198
0.000203
0.000211
0.000209
0.000214
0.000210
0.000215
0.000224
0.000221
0.000226
0.000234
0.000232
0.000237
0.000245
0.000242
0.000247
0.000256
0.000253
0.000258
0.000255
0.000260
0.000268
0.000265
0.000270
0.000279
0.000276
0.000281
0.000289
0.000286
0.000291
0.000288
0.000293
0.000301
0.000299
0.000304
0.000312
0.000309
0.000314
0.000322
0.000319
0.000324
0.000321
0.000326
0.000334
0.000331
0.000336
0.000344
0.000342
0.000346
0.000354
0.000351
0.000356
0.000353
0.000357
0.000365
0.000363
0.000367
0.000375
0.000372
0.000377
0.000374
0.000378
0.000385
0.000383
0.000387
0.000395
0.000392
0.000396
0.000404
0.000401
0.000405
0.000401
0.000405
0.000412
0.000409
0.000413
0.000420
0.000417
0.000420
0.000416
0.000420
0.000426
0.000423
0.000426
0.000432
0.000428
0.000431
0.000437
0.000433
0.000435
0.000430
0.000432
0.000437
0.000432
0.000434
0.000428
0.000429
0.000433
0.000427
0.000428
0.000431
0.000425
0.000424
0.000426
0.000420
0.000418
0.000410
0.000408
0.000408
0.000399
0.000395
0.000394
0.000385
0.000380
0.000368
0.000360
0.000356
0.000343
0.000333
0.000318
0.000305
0.000295
0.000277
0.000262
0.000248
0.000227
0.000208
0.000190
0.000166
0.000141
0.000110
0.000079
0.000050
0.000013
-0.000026
-0.000072
-0.000123
-0.000172
-0.000229
-0.000293
-0.000356
-0.000426
-0.000507
-0.000596
-0.000701
-0.000808
-0.000922
-0.001058
-0.001198
-0.001344
-0.001520
-0.001711
-0.001945
-0.002193
-0.002451
-0.002769
-0.003116
-0.003551
-0.003932
-0.004024
-0.004051
-0.004063
-0.004080
-0.004093
-0.004111
-0.004125
-0.004136
-0.004154
-0.004168
-0.004187
-0.004202
-0.004215
-0.004234
-0.004249
-0.004262
-0.004281
-0.004297
-0.004318
-0.004334
-0.004349
-0.004369
-0.004386
-0.004407
-0.004425
-0.004441
-0.004462
-0.004480
-0.004496
-0.004518
-0.004537
-0.004559
-0.004579
-0.004597
-0.004620
-0.004640
-0.004664
-0.004686
-0.004705
-0.004744
-0.004755
-0.004823
-0.004810
-0.004824
-0.004947
-0.004892
-0.004897
-0.005081
-0.004978
-0.005178
-0.005063
-0.005052
-0.005319
-0.005222
-0.005453
-0.005357
-0.005356
-0.005623
-0.005537
-0.005835
-0.005707
-0.005699
-0.006418
-0.006469
-0.007453
-0.007800
-0.008333
-0.009840
-0.010640
-0.011694
-0.013830
-0.015106
-0.017669
-0.019287
-0.021364
-0.024717
-0.026873
-0.030774
-0.033323
-0.036660
-0.041563
-0.044742
-0.050353
-0.053999
-0.058914
-0.065810
-0.070219
-0.078031
-0.083015
-0.089942
-0.099426
-0.105363
-0.115683
-0.122779
-0.132314
-0.143768
-0.153287
-0.165262
-0.176960
-0.189899
-0.203626
-0.218184
-0.233668
-0.250193
-0.267832
-0.286684
-0.306871
-0.328515
-0.351784
-0.376829
-0.403879
-0.413549
-0.464353
-0.442238
-0.376798
-0.474640
-0.408288
-0.505571
-0.437738
-0.371935
-0.467138
-0.400635
-0.482501
-0.429405
-0.488182
-0.466879
-0.467015
-0.467174
-0.467355
-0.429564
-0.411699
-0.411878
-0.412007
-0.412093
-0.499530
-0.442452
-0.374801
-0.466888
-0.408257
-0.506080
-0.439391
-0.371184
-0.461392
-0.404840
-0.504653
-0.437019
-0.536514
-0.465402
-0.393967
-0.494592
-0.424073
-0.525296
-0.451205
-0.378394
-0.481148
-0.408373
-0.511162
-0.435989
-0.362572
-0.449984
-0.394529
-0.499688
-0.424366
-0.528518
-0.451007
-0.375241
-0.477344
-0.405070
-0.510890
-0.432454
-0.356142
-0.443689
-0.388440
-0.496966
-0.418626
-0.523648
-0.444073
-0.366247
-0.459942
-0.408490
-0.485727
-0.445938
-0.429556
-0.429690
-0.429839
-0.429435
-0.429861
-0.500556
-0.457019
-0.376282
-0.481704
-0.405921
-0.516795
-0.432688
-0.350983
-0.440181
-0.383189
-0.496976
-0.413111
-0.526122
-0.439755
-0.355747
-0.447243
-0.387552
-0.503340
-0.416765
-0.523013
-0.443149
-0.365974
-0.463535
-0.418829
-0.487980
-0.463456
-0.463637
-0.463844
-0.461769
-0.464298
-0.416404
-0.322707
-0.411146
-0.391717
-0.438007
-0.438130
-0.438263
-0.438421
-0.438578
-0.374127
-0.432246
-0.383116
-0.463725
-0.412525
-0.494528
-0.442542
-0.371634
-0.443676
-0.387772
-0.474215
-0.418410
-0.503011
-0.444944
-0.360471
-0.456524
-0.390369
-0.464330
-0.408327
-0.496449
-0.435890
-0.342996
-0.431954
-0.564758
-0.494409
-0.389282
-0.484110
-0.411372
-0.510372
-0.430442
-0.319657
-0.431626
-0.348028
-0.465244
-0.375858
-0.429274
-0.384300
-0.341502
-0.312560
-0.281956
-0.251533
-0.219473
-0.188983
-0.157047
-0.126647
-0.094929
-0.064620
-0.033186
-0.007013
-0.000761
0.000503
0.000731
0.000789
0.000778
0.000791
0.000772
0.000785
0.000767
0.000783
0.000766
0.000783
0.000811
0.000796
0.000813
0.000794
0.000811
0.000792
0.000811
0.000791
0.000812
0.000651
0.000786
0.000069
0.000138
-0.000060
-0.000073
-0.000101
-0.000080
-0.000042
-0.000060
-0.000097
-0.000079
-0.000100
-0.000079
-0.000100
-0.000078
-0.000099
-0.000136
-0.000118
-0.000082
-0.000042
-0.000059
-0.000038
-0.000058
-0.000094
-0.000134
-0.000117
-0.000081
-0.000043
-0.000059
-0.000038
0.000003
-0.000036
-0.000076
-0.000060
-0.000025
0.000786
0.000923
0.000937
0.000928
0.000914
0.000900
0.000885
0.000868
0.000877
0.000904
0.000077
-0.000065
-0.000061
-0.000083
-0.000116
-0.000099
-0.000118
-0.000098
-0.000116
-0.000097
-0.000063
-0.000078
-0.000059
0.000180
-0.000051
-0.000054
-0.000879
-0.001028
0.001044
0.001037
0.001026
0.001015
0.001005
0.000994
0.000984
0.000974
0.000965
0.000955
0.000945
0.000948
0.000958
0.000971
0.000959
0.000977
0.000133
-0.000056
-0.000073
-0.000094
-0.000078
-0.000093
-0.000121
-0.000151
-0.000180
0.000711
0.000902
0.000952
0.000979
0.001007
0.000134
-0.000018
-0.000026
0.000005
-0.000022
-0.000933
-0.001110
-0.001139
0.001140
0.001135
0.001129
0.001122
0.001116
0.001110
0.001104
0.001098
0.001101
0.001107
0.001105
0.001108
0.001114
0.001113
0.001116
0.001122
0.001128
0.001127
0.001130
0.001128
0.001131
0.001137
0.001136
0.001139
0.001145
0.001151
0.001149
0.001153
0.001151
0.001154
0.001160
0.001159
0.001162
0.001168
0.001167
0.001170
0.001175
0.001174
0.001178
0.001183
0.001182
0.001185
0.001190
0.001190
0.001193
0.001198
0.001197
0.001200
0.001205
0.001205
0.001208
0.001212
0.001212
0.001215
0.001220
0.001219
0.001222
0.001227
0.001226
0.001229
0.001229
0.001232
0.001236
0.001236
0.001239
0.001244
0.001248
0.001248
0.001251
0.001251
0.001253
0.001258
0.001258
0.001261
0.001265
0.001265
0.001268
0.001272
0.001272
0.001275
0.001279
0.001279
0.001282
0.001286
0.001286
0.001289
0.001293
0.001293
0.001296
0.001300
0.001300
0.001303
0.001303
0.001306
0.001309
0.001310
0.001313
0.001316
0.001317
0.001320
0.001323
0.001324
0.001327
0.001330
0.001331
0.001333
0.001337
0.001338
0.001340
0.001343
0.001344
0.001347
0.001350
0.001351
0.001353
0.001354
0.001357
0.001360
0.001361
0.001363
0.001366
0.001368
0.001370
0.001373
0.001374
0.001376
0.001379
0.001381
0.001383
0.001385
0.001387
0.001389
0.001391
0.001393
0.001395
0.001397
0.001399
0.001401
0.001403
0.001405
0.001407
0.001410
0.001412
0.001414
0.001416
0.001418
0.001420
0.001422
0.001424
0.001425
0.001428
0.001430
0.001432
0.001434
0.001435
0.001438
0.001440
0.001441
0.001444
0.001446
0.001447
0.001450
0.001451
0.001453
0.001456
0.001457
0.001458
0.001461
0.001463
0.001466
0.001467
0.001468
0.001472
0.001473
0.001474
0.001477
0.001479
0.001479
0.001483
0.001484
0.001485
0.001488
0.001489
0.001493
0.001494
0.001495
0.001499
0.001500
0.001500
0.001504
0.001505
0.001505
0.001509
0.001510
0.001510
0.001514
0.001515
0.001519
0.001520
0.001520
0.001524
0.001525
0.001525
0.001529
0.001530
0.001530
0.001534
0.001535
0.001535
0.001539
0.001540
0.001545
0.001545
0.001545
0.001549
0.001550
0.001549
0.001554
0.001555
0.001554
0.001559
0.001559
0.001564
0.001565
0.001564
0.001569
0.001569
0.001568
0.001573
0.001574
0.001573
0.001578
0.001578
0.001583
0.001584
0.001583
0.001588
0.001588
0.001587
0.001592
0.001592
0.001590
0.001596
0.001596
0.001602
0.001602
0.001600
0.001606
0.001606
0.001604
0.001609
0.001609
0.001608
0.001613
0.001613
0.001619
0.001619
0.001617
0.001623
0.001623
0.001621
0.001627
0.001626
0.001624
0.001630
0.001630
0.001636
0.001636
0.001634
0.001640
0.001640
0.001637
0.001644
0.001643
0.001650
0.001649
0.001647
0.001653
0.001653
0.001650
0.001656
0.001656
0.001653
0.001660
0.001659
0.001666
0.001665
0.001662
0.001669
0.001668
0.001665
0.001672
0.001671
0.001679
0.001678
0.001674
0.001681
0.001680
0.001677
0.001684
0.001683
0.001679
0.001687
0.001686
0.001693
0.001692
0.001689
0.001696
0.001695
0.001691
0.001698
0.001697
0.001705
0.001704
0.001700
0.001708
0.001706
0.001702
0.001710
0.001709
0.001717
0.001715
0.001711
0.001719
0.001717
0.001713
0.001721
0.001719
0.001728
0.001726
0.001721
0.001729
0.001728
0.001723
0.001731
0.001729
0.001738
0.001736
0.001731
0.001739
0.001737
0.001732
0.001740
0.001739
0.001747
0.001746
0.001740
0.001749
0.001747
0.001741
0.001750
0.001748
0.001757
0.001755
0.001750
0.001758
0.001756
0.001751
0.001759
0.001757
0.001767
0.001765
0.001759
0.001768
0.001766
0.001775
0.001773
0.001767
0.001776
0.001773
0.001767
0.001776
0.001774
0.001783
0.001781
0.001775
0.001784
0.001781
0.001775
0.001784
0.001782
0.001791
0.001789
0.001783
0.001792
0.001789
0.001799
0.001796
0.001790
0.001799
0.001796
0.001789
0.001799
0.001796
0.001806
0.001803
0.001796
0.001806
0.001803
0.001813
0.001810
0.001803
0.001812
0.001809
0.001802
0.001812
0.001809
0.001819
0.001816
0.001809
0.001818
0.001815
0.001826
0.001823
0.001815
0.001825
0.001822
0.001814
0.001824
0.001821
0.001832
0.001829
0.001821
0.001831
0.001828
0.001838
0.001835
0.001828
0.001837
0.001834
0.001845
0.001842
0.001834
0.001843
0.001840
0.001832
0.001842
0.001839
0.001849
0.001846
0.001838
0.001848
0.001845
0.001856
0.001852
0.001844
0.001854
0.001850
0.001861
0.001858
0.001849
0.001859
0.001856
0.001847
0.001857
0.001854
0.001865
0.001861
0.001853
0.001863
0.001860
0.001871
0.001867
0.001858
0.001869
0.001865
0.001876
0.001873
0.001864
0.001874
0.001870
0.001882
0.001878
0.001868
0.001879
0.001875
0.001886
0.001882
0.001872
0.001883
0.001878
0.001869
0.001880
0.001876
0.001887
0.001883
0.001895
0.001890
0.001881
0.001891
0.001887
0.001877
0.001887
0.001883
0.001895
0.001891
0.001902
0.001898
0.001888
0.001898
0.001894
0.001884
0.001895
0.001890
0.001902
0.001898
0.001909
0.001905
0.001895
0.001905
0.001900
0.001912
0.001907
0.001897
0.001907
0.001902
0.001914
0.001909
0.001898
0.001909
0.001904
0.001916
0.001911
0.001900
0.001911
0.001906
0.001918
0.001913
0.001902
0.001913
0.001908
0.001920
0.001915
0.001927
0.001922
0.001911
0.001922
0.001917
0.001928
0.001923
0.001912
0.001923
0.001918
0.001929
0.001924
0.001913
0.001924
0.001919
0.001931
0.001926
0.001937
0.001932
0.001920
0.001931
0.001926
0.001937
0.001932
0.001920
0.001931
0.001926
0.001938
0.001932
0.001921
0.001932
0.001927
0.001939
0.001933
0.001945
0.001940
0.001928
0.001939
0.001934
0.001946
0.001940
0.001928
0.001939
0.001934
0.001946
0.001941
0.001953
0.001947
0.001935
0.001946
0.001940
0.001952
0.001947
0.001935
0.001946
0.001940
0.001952
0.001947
0.001958
0.001953
0.001940
0.001951
0.001945
0.001957
0.001951
0.001963
0.001957
0.001944
0.001955
0.001949
0.001960
0.001954
0.001942
0.001953
0.001947
0.001959
0.001953
0.001965
0.001959
0.001946
0.001957
0.001951
0.001963
0.001957
0.001969
0.001963
0.001950
0.001960
0.001954
0.001966
0.001960
0.001972
0.001966
0.001953
0.001963
0.001957
0.001969
0.001963
0.001975
0.001968
0.001955
0.001966
0.001959
0.001971
0.001965
0.001977
0.001970
0.001957
0.001967
0.001961
0.001973
0.001967
0.001979
0.001972
0.001983
0.001976
0.001962
0.001973
0.001966
0.001977
0.001970
0.001982
0.001975
0.001961
0.001971
0.001964
0.001976
0.001969
0.001981
0.001974
0.001986
0.001978
0.001964
0.001975
0.001967
0.001979
0.001972
0.001984
0.001977
0.001989
0.001981
0.001966
0.001977
0.001969
0.001982
0.001974
0.001987
0.001979
0.001991
0.001983
0.001967
0.001978
0.001971
0.001983
0.001976
0.001988
0.001981
0.001993
0.001985
0.001997
0.001988
0.001971
0.001982
0.001974
0.001987
0.001978
0.001991
0.001983
0.001995
0.001986
0.001998
0.001989
0.001971
0.001982
0.001973
0.001987
0.001978
0.001992
0.001982
0.001996
0.001986
0.002000
0.001989
0.002003
0.001991
0.002004
0.001992
0.001970
0.001983
0.001971
0.001730
0.001923
0.001009
0.001781
0.000401
0.001000
0.000246
0.000076
0.000061
0.000040
0.000055
0.000040
0.000055
0.000040
0.000055
0.000040
0.000055
0.000040
0.000054
0.000080
0.000108
0.000136
0.000123
0.000097
0.000070
0.000080
0.000291
0.000868
0.000401
0.000103
0.000028
0.000029
0.000050
0.000040
0.000017
0.000009
0.000035
0.000025
0.000038
-0.001534
-0.001862
-0.001937
0.001960
0.001974
0.001985
0.001995
0.002004
0.002014
0.002023
0.002033
0.002042
0.002041
0.002036
0.002030
0.002023
0.002029
0.002026
0.002018
0.002010
0.002015
0.002012
0.002004
0.002010
0.002006
0.002012
0.002008
0.002000
0.002005
0.002002
0.002008
0.002004
0.001996
0.002001
0.001998
0.002003
0.002000
0.002006
0.002002
0.002008
0.002004
0.001996
0.002001
0.001997
0.002003
0.001999
0.002005
0.002001
0.002006
0.002003
0.001995
0.002000
0.001996
0.002002
0.001999
0.002004
0.002001
0.002006
0.002002
0.002007
0.002003
0.001996
0.002000
0.001997
0.002002
0.001999
0.002004
0.002000
0.002005
0.002002
0.002006
0.002003
0.002007
0.002003
0.001996
0.001999
0.001996
0.002001
0.001998
0.002002
0.001999
0.002004
0.002000
0.002005
0.002001
0.001525
0.001683
0.000757
0.000401
0.000091
0.000026
0.000017
0.000012
0.000015
0.000012
0.000006
0.000008
0.000014
0.000013
0.000015
0.000012
0.000014
0.000019
0.000024
0.000021
0.000016
0.000010
0.000005
-0.000001
0.000001
-0.000227
-0.001642
-0.001085
-0.000204
-0.000028
-0.001597
-0.001914
-0.001978
-0.001992
0.001997
0.002000
0.002002
0.002004
0.002007
0.002009
0.002011
0.002012
0.002013
0.002014
0.002013
0.002011
0.002009
0.002006
0.000398
0.000074
0.000009
-0.000004
-0.000007
-0.000010
-0.000015
0.001589
0.001910
0.000366
0.000442
0.000748
0.000110
-0.000018
0.001563
0.001882
0.001947
0.001180
0.000208
0.000019
0.001584
0.001895
0.001951
0.001955
0.001947
0.001935
0.001600
0.000230
-0.000044
-0.000092
-0.000095
-0.000086
-0.000075
-0.000062
-0.000048
-0.000033
-0.000018
0.000002
-0.000013
-0.000029
-0.000044
-0.000059
-0.000073
-0.000086
-0.000098
-0.000086
-0.000068
-0.000051
-0.000034
-0.000019
-0.001627
-0.001951
-0.002015
-0.002027
-0.002028
-0.002028
-0.002027
-0.002026
-0.002026
-0.002025
-0.002024
-0.002024
-0.002023
-0.002023
-0.002023
-0.002022
-0.002022
-0.002022
-0.002022
-0.002022
-0.002021
-0.002021
-0.002021
-0.002021
-0.002021
-0.002021
-0.002021
-0.002021
-0.002021
-0.002021
-0.002022
-0.002023
-0.002024
-0.002027
-0.002032
-0.002041
-0.002051
-0.002058
-0.002063
-0.002065
-0.002065
-0.002065
-0.002064
-0.002062
-0.002061
-0.002059
-0.002058
-0.002056
-0.002055
-0.002054
-0.002052
-0.002051
-0.002049
-0.002048
-0.002047
-0.002045
-0.002044
-0.002043
-0.002041
-0.002040
-0.002039
-0.002037
-0.002036
-0.002035
-0.002033
-0.002032
-0.002031
-0.002029
-0.002028
-0.002027
-0.002026
-0.002024
-0.002023
-0.002021
-0.002020
-0.002019
-0.002017
-0.002016
-0.002014
-0.002013
-0.002011
-0.002009
-0.002008
-0.002006
-0.002004
-0.002003
-0.002001
-0.001999
-0.001997
-0.001995
-0.001993
-0.001991
-0.001988
-0.001986
-0.001984
-0.001981
-0.001978
-0.001976
-0.001973
-0.001970
-0.001967
-0.001963
-0.001960
-0.001956
-0.001953
-0.001949
-0.001945
-0.001940
-0.001936
-0.001931
-0.001926
-0.001921
-0.001915
-0.001910
-0.001904
-0.001897
-0.001891
-0.001884
-0.001877
-0.001869
-0.001861
-0.001853
-0.001844
-0.001835
-0.001826
-0.001816
-0.001806
-0.001796
-0.001785
-0.001774
-0.001763
-0.001751
-0.001739
-0.001726
-0.001711
-0.001692
-0.000012
-0.001330
-0.001612
-0.001682
-0.001710
-0.001732
-0.001755
-0.001779
-0.001806
-0.001836
-0.001870
-0.000264
0.000023
-0.001550
-0.001853
-0.001903
-0.001902
-0.001890
-0.001875
-0.001858
-0.001839
-0.001817
-0.001791
-0.001760
-0.001164
0.000076
0.000361
0.000390
-0.001256
-0.001591
-0.001660
-0.001675
-0.001680
-0.001684
-0.001687
-0.001690
-0.001693
-0.001697
-0.001700
-0.001704
-0.001708
-0.001712
-0.001716
-0.001720
-0.001725
-0.001729
-0.001734
-0.001739
-0.001743
-0.001748
-0.001751
-0.001752
-0.001742
-0.001715
-0.001682
-0.001649
-0.001617
-0.001585
-0.001555
-0.001528
-0.001520
-0.001524
-0.001531
-0.001540
-0.001550
-0.001560
-0.001570
-0.001580
-0.001591
-0.001601
-0.001612
-0.001623
-0.001634
-0.001645
-0.001656
-0.001667
-0.001678
-0.001690
-0.001701
-0.001712
-0.001723
-0.001734
-0.001745
-0.001756
-0.001767
-0.001778
-0.001789
-0.001800
-0.001810
-0.001821
-0.001831
-0.001841
-0.001852
-0.001861
-0.001871
-0.001880
-0.001886
-0.001883
-0.001546
-0.001437
-0.001460
-0.001601
-0.001832
-0.001894
-0.001923
-0.001946
-0.001968
-0.001990
-0.002011
-0.002032
-0.002052
-0.002073
-0.002092
-0.002112
-0.002130
-0.002149
-0.002167
-0.002184
-0.002202
-0.002218
-0.002235
-0.002250
-0.002266
-0.002280
-0.002295
-0.002309
-0.002322
-0.002335
-0.002347
-0.002359
-0.002370
-0.002381
-0.002391
-0.002401
-0.002410
-0.002419
-0.002428
-0.002438
-0.002453
-0.001796
-0.000728
-0.000548
-0.000549
-0.000780
-0.002319
-0.002645
-0.002721
-0.002745
-0.002758
-0.002767
-0.002774
-0.002780
-0.002785
-0.002789
-0.002792
-0.002793
-0.002794
-0.002794
-0.002793
-0.002792
-0.002789
-0.002786
-0.002782
-0.002777
0.001265
0.000470
-0.000579
-0.001468
-0.002376
-0.002650
-0.002698
-0.002702
-0.002697
-0.002690
-0.002682
-0.002673
-0.002666
-0.002662
-0.002671
-0.001016
-0.000697
-0.000646
-0.000647
-0.002481
-0.003441
0.002160
0.000006
-0.000520
-0.000574
-0.000504
-0.000404
-0.000303
-0.000209
-0.000126
-0.000051
0.000022
0.000098
0.000180
0.000265
0.000351
0.000435
0.000517
0.000597
0.000674
0.000749
0.000822
0.000892
0.000961
0.001028
0.001094
0.001159
0.001223
0.001284
0.001343
0.001402
0.001461
0.001082
0.000538
0.000469
0.000500
0.001593
0.001872
0.001981
0.002051
0.002113
0.002171
0.002228
0.002283
0.002339
0.002393
0.002448
0.002501
0.002553
0.002601
0.002647
0.002688
0.002725
0.002758
0.002787
0.002812
0.002833
0.002851
0.002866
0.002879
0.002889
0.002898
0.002907
0.002921
0.002957
0.001293
0.000914
0.000851
0.000856
0.000871
0.000884
0.000893
0.002721
0.003093
0.003161
0.003165
0.003155
0.003143
0.003129
0.003117
0.003105
0.003095
0.003087
0.003083
0.003082
0.003086
0.003096
0.003112
0.003142
0.003180
0.003234
0.000610
0.002838
0.003397
0.003646
0.003881
0.003802
0.004613
0.005798
0.009427
0.001507
0.097556
0.053752
0.009500
-0.001514
-0.003892
-0.004671
-0.005265
-0.006222
-0.009689
-0.035978
0.006520
-0.008394
-0.104810
-0.076181
-0.045922
-0.016198
-0.004055
-0.001626
-0.001139
-0.001044
-0.001030
-0.001034
-0.001045
-0.001060
-0.001076
-0.001086
-0.001090
-0.001087
-0.001078
-0.001064
-0.001045
-0.001022
-0.000996
-0.000965
-0.000930
-0.000892
-0.000850
-0.000804
-0.000754
-0.000702
-0.000646
-0.000587
-0.000524
-0.000460
-0.000392
-0.000322
-0.000250
-0.000177
-0.000101
-0.000024
0.000054
0.000133
0.000213
0.000316
0.000382
0.000447
0.000508
0.000562
0.000608
0.000647
0.000677
0.000696
0.000725
0.000729
0.000775
0.000839
0.000867
0.000905
0.000942
0.000975
0.001005
0.001033
0.001057
0.001079
0.001097
0.001112
0.001123
0.001131
0.001135
0.001135
0.001131
0.001124
0.001112
0.001096
0.001076
0.001051
0.001023
0.000989
0.000952
0.000911
0.000865
0.000816
0.000763
0.000708
0.000649
0.000589
0.000527
0.000464
0.000400
0.000336
0.000274
0.000213
0.000157
0.000106
0.000064
0.000035
0.000022
0.000030
0.000063
0.000120
0.000192
0.000266
0.000325
0.000356
0.000353
0.000321
0.000266
0.000196
0.000117
0.000036
-0.000045
-0.000124
-0.000197
-0.000265
-0.000325
-0.000375
-0.000414
-0.000442
-0.000456
-0.000456
-0.000445
-0.000425
-0.000402
-0.000381
-0.000367
-0.000361
-0.000364
-0.000380
-0.001009
-0.001137
-0.001156
-0.000639
-0.000526
-0.000485
-0.000449
-0.000409
-0.000366
-0.000319
-0.000268
-0.000213
-0.000154
-0.000092
-0.000029
0.000033
0.000092
0.000148
0.000201
0.000252
0.000302
0.000295
0.000349
0.000404
0.000476
0.000560
0.000650
0.000744
0.000842
0.000942
0.001045
0.001149
0.001201
0.001279
0.001370
0.001460
-0.000146
-0.000430
-0.000457
-0.000441
-0.000423
-0.000414
-0.000415
-0.000428
-0.000451
-0.000484
-0.000541
-0.000601
-0.000668
-0.000740
0.000855
0.001110
-0.000678
0.000552
0.000706
0.000608
0.000481
0.000324
0.000173
0.000013
-0.000145
-0.000454
-0.000478
-0.000583
-0.000693
-0.000793
-0.000881
-0.000996
-0.001125
-0.001210
-0.001268
-0.001365
-0.001475
-0.001585
-0.001691
-0.001788
-0.001874
-0.001991
-0.002072
-0.002123
-0.002149
0.001651
0.018745
0.037100
0.051220
0.059427
0.062200
0.060364
0.058499
0.056631
0.054778
0.052963
0.051207
0.049536
0.047975
0.046549
0.045285
0.044208
0.043344
0.042716
0.042348
0.042260
0.042470
0.042994
0.043842
0.045020
-0.000174
-0.007876
-0.007871
-0.007823
-0.007779
-0.007739
-0.007701
-0.007668
-0.007637
-0.007611
-0.007590
-0.007575
-0.007566
-0.007567
-0.007578
-0.007600
-0.007637
-0.007690
-0.007760
0.675312
0.683412
0.690486
0.696165
0.700510
0.703577
0.079622
0.724310
0.732475
0.738668
0.646254
0.706187
0.700859
0.871169
0.929634
0.995764
1.061401
1.124971
1.185999
1.244212
1.299375
1.344125
1.382517
1.417751
1.449637
1.478061
1.502929
1.524158
1.541677
1.555424
1.565351
1.571421
1.573613
1.571607
1.565704
1.556286
1.543050
1.526057
1.505381
1.481107
1.453339
1.422193
1.387795
1.350282
1.309802
1.274500
1.241282
1.206065
1.169028
1.130292
1.089954
1.048107
1.004837
0.960222
0.914335
0.867241
0.818996
0.769653
0.719259
0.667854
0.615479
0.562170
0.507968
0.452912
0.397048
0.340428
0.283112
0.225171
0.166685
0.107750
0.048472
-0.009488
-0.066768
-0.124157
-0.181501
-0.238748
-0.295790
-0.352485
-0.408688
-0.464250
-0.519024
-0.572865
-0.625633
-0.677196
-0.727429
-0.776219
-0.823464
-0.869071
-0.912959
-0.955058
-0.995306
-1.033649
-1.043100
-1.050083
-1.056412
-1.062360
-1.067951
-1.073164
-1.077973
-1.082351
-1.086273
-1.089713
-1.092649
-1.095058
-1.096916
-1.098203
-1.098898
-1.098979
-1.098425
-1.097217
-1.095333
-1.092526
-1.087449
-1.080047
-1.070263
-1.058038
-1.043314
-1.026029
-1.006125
-0.983546
-0.958242
-0.930171
-0.899302
-0.865621
-0.829132
-0.789860
-0.747853
-0.703188
-0.655965
-0.606312
-0.554381
-0.500346
-0.444401
-0.386755
-0.327632
-0.267265
-0.205893
-0.143761
-0.081116
-0.020989
0.037234
0.095133
0.152802
0.194034
0.231194
0.268030
0.304378
0.340147
0.371919
0.365500
0.357859
0.349791
0.341462
0.332993
0.328560
0.324023
0.319360
0.314572
0.309658
0.304617
0.299451
0.294161
0.288746
0.283209
0.277550
0.271770
0.265872
0.259856
0.253724
0.247478
0.241120
0.234652
0.228077
0.221395
0.214611
0.207726
0.200743
0.193664
0.186493
0.179233
0.171886
0.164455
0.156944
0.149357
0.141696
0.133964
0.126167
0.118306
0.110387
0.102412
0.094385
0.086311
0.078194
0.070036
0.061844
0.053619
0.045368
0.037093
0.028800
0.020492
0.012173
0.003848
-0.000035
-0.000023
-0.000020
-0.000016
-0.000013
-0.000011
-0.000009
-0.000007
-0.000006
-0.000004
-0.000002
0.000002
0.000003
0.000002
0.000002
0.000002
0.000001
0.000001
0.000001
0.000001
0.000001
0.000001
0.000000
0.000000
0.000000
0.000000
0.000000
0.000000
0.000000
0.000000
0.000000
0.000000
0.000000
0.000000
0.000000
0.000000
0.000000
0.000000
0.000000
0.000000
0.000000
0.000000
0.000000
0.000000
0.000000
0.000000
0.000000
0.000000
0.000000
0.000000
0.000000
0.000000
0.000000
0.000000
0.000000
0.000000
0.000000
0.000000
0.000000
0.000000
0.000000
0.000000
0.000000
0.000000
0.000000
0.000000
0.000000
0.000000
0.000000
0.000000
0.000000
0.000000
0.000000
0.000000
0.000000
0.000000
0.000000
0.000000
0.000000
0.000000
0.000000
0.000000
0.000000
0.000000
0.000000
0.000000
0.000000
0.000000
0.000000
0.000000
0.000000
0.000000
0.000000
0.000000
0.000000
0.000000
0.000000
0.000000
0.000000
0.000000
0.000000
0.000000
0.000000
0.000000
0.000000
0.000000
0.000000
0.000000
0.000000
0.000000
0.000000
0.000000
0.000000
0.000000
0.000000
0.000000
0.000000
0.000000
0.000000
0.000000
0.000000
0.000000
0.000000
0.000000
0.000000
0.000000
0.000000
0.000000
0.000000
0.000000
0.000000
0.000000
0.000000
0.000000
0.000000
0.000000
0.000000
0.000000
0.000000
0.000000
0.000000
0.000000
0.000000
0.000000
0.000000
0.000000
0.000000
0.000000
0.000000
0.000000
0.000000
0.000000
0.000000
0.000000
0.000000
0.000000
0.000000
0.000000
0.000000
0.000000
0.000000
0.000000
0.000000
0.000000
0.000000
0.000000
0.000000
0.000000
0.000000
0.000000
0.000000
0.000000
0.000000
0.000000
0.000000
0.000000
0.000000
0.000000
0.000000
0.000000
0.000000
0.000000
0.000000
0.000000
0.000000
0.000000
0.000000
0.000000
0.000000
0.000000
0.000000
0.000000
0.000000
0.000000
0.000000
0.000000
0.000000
0.000000
0.000000
0.000000
0.000000
0.000000
0.000000
0.000000
0.000000
0.000000
0.000000
0.000000
0.000000
0.000000
0.000000
0.000000
0.000000
0.000000
0.000000
0.000000
0.000000
0.000000
0.000000
0.000000
0.000000
0.000000
0.000000
0.000000
0.000000
0.000000
0.000000
0.000000
0.000000
0.000000
0.000000
0.000000
0.000000
0.000000
0.000000
0.000000
0.000000
0.000000
0.000000
0.000000
0.000000
0.000000
0.000000
0.000000
0.000000
0.000000
0.000000
0.000000
0.000000
0.000000
0.000000
0.000000
0.000000
0.000000
0.000000
0.000000
0.000000
0.000000
0.000000
0.000000
0.000000
0.000000
0.000000
0.000000
0.000000
0.000000
0.000000
0.000000
0.000000
0.000000
0.000000
0.000000
0.000000
0.000000
0.000000
0.000000
0.000000
0.000000
0.000000
0.000000
0.000000
0.000000
0.000000
0.000000
0.000000
0.000000
0.000000
0.000000
0.000000
0.000000
0.000000
0.000000
0.000000
0.000000
0.000000
0.000000
0.000000
0.000000
0.000000
0.000000
0.000000
0.000000
0.000000
0.000000
0.000000
0.000000
0.000000
0.000000
0.000000
0.000000
0.000000
0.000000
0.000000
0.000000
0.000000
0.000000
0.000000
0.000000
0.000000
0.000000
0.000000
0.000000
0.000000
0.000000
0.000000
0.000000
0.000000
0.000000
0.000000
0.000000
0.000000
0.000000
0.000000
0.000000
0.000000
0.000000
0.000000
0.000000
0.000000
0.000000
0.000000
0.000000
0.000000
0.000000
0.000000
0.000000
0.000000
0.000000
0.000000
0.000000
0.000000
0.000000
0.000000
0.000000
0.000000
0.000000
0.000000
0.000000
0.000000
0.000000
0.000000
0.000000
0.000000
0.000000
0.000000
0.000000
0.000000
0.000000
0.000000
0.000000
0.000000
0.000000
0.000000
0.000000
0.000000
0.000000
0.000000
0.000000
0.000000
0.000000
0.000000
0.000000
0.000000
0.000000
0.000000
0.000000
0.000000
0.000000
0.000000
0.000000
0.000000
0.000000
0.000000
0.000000
0.000000
0.000000
0.000000
0.000000
0.000000
0.000000
0.000000
0.000000
0.000000
0.000000
0.000000
0.000000
0.000000
0.000000
0.000000
0.000000
0.000000
0.000000
0.000000
0.000000
0.000000
0.000000
0.000000
0.000000
0.000000
0.000000
0.000000
0.000000
0.000000
0.000000
0.000000
0.000000
0.000000
0.000000
0.000000
0.000000
0.000000
0.000000
0.000000
0.000000
0.000000
0.000000
0.000000
0.000000
0.000000
0.000000
0.000000
0.000000
0.000000
0.000000
0.000000
0.000000
0.000000
0.000000
0.000000
0.000000
0.000000
0.000000
0.000000
0.000000
0.000000
0.000000
0.000000
0.000000
0.000000
0.000000
0.000000
0.000000
0.000000
0.000000
0.000000
