nan
259.369484
-54.186515
-63.988908
-130.762556
102.135468
-250.469646
83.660978
268.135993
-49.043280
-55.019185
-86.253422
144.540581
-27.905971
-45.286035
-234.192512
70.681037
-290.116936
13.767221
15.048778
16.731082
18.885395
22.335044
28.101137
41.995885
87.983806
389.690608
-110.010972
-567.182990
164.473333
274.983721
-2611.805600
30.256698
30.608327
30.808971
30.869876
30.759477
30.461683
29.969188
29.263303
28.347197
27.215863
28.138208
51.536464
163.639531
-47.887235
-68.128276
-303.338200
21.635496
22.017617
21.781438
20.198052
15.934998
0.417545
-0.174362
-0.868877
-1.802914
-3.447528
-5.209889
-6.103040
-7.031239
-8.063990
-9.004354
-9.665504
-10.271616
-11.088366
-12.150481
-13.371226
-14.635639
-15.808408
-16.788908
-17.603907
-18.415094
-19.423004
-20.722032
-22.054581
-22.430396
-20.108147
10.823159
9.715030
8.911990
8.733615
8.888559
9.127078
9.340091
9.485512
9.549347
9.525947
9.413506
-5.110264
9.377073
-5.200864
-5.080979
9.440245
-5.160727
9.344306
-5.307561
-5.217831
9.331642
-5.346647
-5.246546
9.347679
-5.357458
-5.246660
9.390862
-5.340842
-5.219628
9.458093
-5.299177
-5.168412
9.544970
-5.236198
9.461678
-5.372574
-5.271874
9.469931
-5.390510
-5.279289
9.505444
-5.381082
-5.259474
9.565504
-5.346290
-5.215017
9.646000
-5.289512
9.556153
-5.433502
-5.332728
9.558329
-5.457820
-5.345934
9.589747
-5.452902
-5.329938
9.647821
-5.420607
-5.287216
9.728371
-5.364263
9.636456
-5.511406
-5.408211
9.639953
-5.535017
-5.419848
9.674777
-5.527258
-5.400202
9.737998
-5.490266
9.634005
-5.648711
-5.549312
9.629523
-5.682832
-5.568978
9.663855
-5.678553
-5.550155
9.733785
-5.638091
-5.495879
9.833858
-5.565603
9.751372
-5.705507
-5.590600
9.779242
-5.706771
-5.577512
9.842566
-5.672031
-5.529044
9.936207
-5.605150
9.847311
-5.752640
-5.637761
9.868398
-5.760661
-5.631020
9.926420
-5.731268
-5.587380
10.016432
-5.668111
9.923286
-5.820865
-5.704994
9.942176
-5.831686
-5.700201
10.000264
-5.802827
-5.656232
10.092426
-5.738035
9.998796
-5.892493
-5.773552
10.020963
-5.900661
-5.765259
10.084068
-5.867251
9.971116
-6.039222
-5.928388
9.976715
-6.067130
-5.936788
10.033455
-6.044471
-5.894813
10.135841
-5.975118
10.046710
-6.125966
-5.998827
10.090368
-6.116731
-5.969387
10.183235
-6.057744
10.086624
-6.216145
-6.090149
10.125788
-6.212865
-6.065113
10.218835
-6.155641
-5.987007
10.357121
-6.050292
10.286254
-6.188378
-6.043785
10.356454
-6.150774
10.241259
-6.329362
-6.206883
10.260987
-6.346285
-6.200407
10.340379
-6.303954
-6.135201
10.471509
-6.207727
10.392982
-6.354962
-6.208279
10.463124
-6.320107
-6.151003
10.583876
-6.231935
10.496364
-6.389416
-6.244051
10.555507
-6.365335
10.427969
-6.558835
-6.433451
10.445039
-6.581647
-6.429269
10.531261
-6.536209
-6.357322
10.677599
-6.428484
10.603536
-6.575710
-6.416463
10.693010
-6.524256
10.581549
-6.705487
-6.564310
10.629924
-6.698963
-6.529031
10.748293
-6.622160
10.653869
-6.789016
-6.635105
10.731000
-6.755241
-6.571553
10.877161
-6.650740
10.797836
-6.806818
-6.640275
10.894819
-6.751528
10.782918
-6.937096
-6.785903
10.845812
-6.919880
-6.736292
10.985950
-6.824703
10.899661
-6.989326
-6.820035
10.999915
-6.934876
10.886991
-7.123169
-6.965873
10.961834
-7.098083
-6.905086
11.121439
-6.988008
11.044062
-7.147779
-6.966410
11.166791
-7.073760
11.064287
-7.256593
-7.085905
11.161580
-7.211109
-7.002799
11.344037
-7.077775
11.276204
-7.233977
-7.038414
11.414678
-7.141963
11.317076
-7.326665
-7.144347
11.422723
-7.271340
11.302725
-7.476082
-7.303450
11.390667
-7.443889
-7.229666
11.573515
-7.314027
11.499962
-7.480963
-7.276727
11.647414
-7.384871
11.549427
-7.575682
-7.381583
11.671558
-7.508894
11.555725
-7.716112
-7.528889
11.665798
-7.666808
11.541160
-7.880263
-7.695136
11.654356
-7.833909
-7.599314
11.880598
-7.673155
11.826509
-7.831125
-7.599954
12.023462
-7.691356
11.946086
-7.869417
-7.647094
12.122056
-7.760916
12.027639
-7.960695
-7.742641
12.179300
-7.871421
12.049722
-8.068302
-7.870126
12.203929
-8.001036
12.087718
-8.223635
-8.016722
12.232170
-8.154228
12.114841
-8.380053
-8.165289
12.272453
-8.304171
12.161897
-8.522008
-8.297505
12.342624
-8.427676
12.245315
-8.636244
-8.399935
12.453323
-8.519735
12.370920
-8.719472
-8.469485
12.603772
-8.579951
12.533721
-8.773763
-8.510370
12.782499
-8.591499
12.742357
-8.673710
12.630072
-8.762529
-8.730476
-8.780596
-8.832970
-8.887757
-8.725717
12.687689
12.748967
12.809000
12.858412
-8.962576
-8.744393
13.070295
-8.804589
13.162553
-9.161287
-8.814288
13.362943
-9.011961
13.359929
-9.207591
13.087037
-9.445339
-9.239747
13.271839
-9.417178
13.143001
-9.688868
-9.425877
13.394708
-9.570362
13.314840
-9.802129
-9.502261
13.640853
-9.543482
13.610055
-9.794326
13.473683
-10.083152
-9.806625
13.750453
-9.945446
13.678745
-10.197070
-9.874389
14.045730
-9.901405
14.024983
-10.159673
13.904588
-10.442439
-10.140255
14.236189
-10.225702
14.113949
-10.383596
-10.244789
-10.163421
-10.150304
-10.137110
-10.121287
14.091637
-10.625572
-10.451874
14.399395
-10.616562
14.315982
-10.912935
-10.567653
14.726033
-10.593478
14.696481
-10.864533
14.598441
-11.196419
-10.860358
14.995054
-10.910267
14.950052
-11.208727
14.839579
-11.512394
-11.211138
15.191076
-11.366851
14.976833
-11.562063
-11.548786
-11.644942
-11.746326
-11.842742
-11.961497
-11.683905
15.737022
-11.669818
15.561344
-11.725578
-11.749456
-11.774010
-11.800219
-11.828139
15.911977
-11.836407
16.293621
-12.337846
15.959491
-12.451756
-12.216772
16.367815
-12.286796
16.621011
-12.734097
16.356357
-12.958018
-12.684677
16.859302
-12.806520
16.772350
-12.897023
16.774201
-13.276241
-12.969929
17.547038
17.011646
-14.230131
-13.974337
17.294602
-14.184205
17.227888
-14.588928
-14.205442
18.151290
-14.295298
18.375393
-14.588727
18.455519
-15.003134
18.431970
-15.530908
-15.012109
19.478908
-15.215450
19.772164
-15.686031
19.971933
-16.234581
19.990418
-16.945250
19.915019
-17.709625
-17.170011
21.288663
-17.655254
21.750055
-18.281933
22.088452
-19.069054
22.337164
-19.986022
22.500934
-20.959507
-20.348145
24.866308
-21.203809
26.003156
-22.252656
27.048003
-23.641564
28.157648
-25.464760
29.459437
-27.748912
31.093541
-30.433797
33.201380
-33.509471
35.817965
-37.084861
-39.396175
47.299098
54.030198
-57.634406
73.680664
-79.686524
155.671514
-148.959623
144.055250
294.787691
-38.566601
-40.106373
-46.288790
62.674230
-92.380123
230.865790
102.176522
221.254646
-46.066617
-47.733846
-59.463214
113.798321
-269.331228
-60.703601
-52.988776
-105.500877
47.842527
32.113200
20.736114
16.179185
14.208998
13.322286
13.032050
13.244103
14.157696
16.523361
-13.241503
-22.937742
47.179316
-109.062518
-1606.643906
36.574874
40.429591
-46.932263
72.562340
-101.310261
1356.266874
-56.523122
-86.056530
125.671824
-891.890665
-30.529609
-41.652856
-175.809042
26.591274
18.147445
14.300511
12.630840
11.863405
11.487286
11.286095
11.163545
11.080574
11.034362
11.058621
11.244753
11.801683
-4.179715
-6.666446
-9.938087
24.452986
-25.835065
-33.662187
49.161842
-53.499294
74.952551
-124.527341
335.224435
64.942969
72.778614
617.699618
-7.290466
-9.137487
-12.803282
-18.810869
-26.349315
-36.055790
-52.157372
-88.194348
-177.070456
-82.201011
13.545881
9.578133
8.638249
8.461028
8.506800
8.603330
8.685957
8.726295
8.709579
8.629052
8.478718
-4.269812
-4.206592
8.434059
-4.330327
-4.268281
8.394945
-4.389527
-4.325834
-4.227539
8.493627
-4.286371
8.414869
-4.405458
-4.339791
8.386644
-4.454699
-4.386574
-4.282977
8.503553
-4.333032
8.433263
-4.443837
-4.372452
8.418855
-4.478698
-4.404557
8.412762
-4.505474
-4.428108
8.415434
-4.523264
-4.442372
8.426893
-4.531670
-4.447139
8.446757
-4.530824
-4.442731
8.474280
-4.521362
-4.429964
8.508402
-4.504374
-4.410081
8.547799
-4.481311
-4.384657
8.590942
-4.453875
-4.355484
8.636122
-4.423886
8.548564
-4.553044
-4.486632
8.514331
-4.608828
-4.538442
-4.430525
8.636388
-4.481857
8.565455
-4.594688
-4.518060
8.556781
-4.623812
-4.542990
8.559666
-4.641199
-4.555862
8.573930
-4.646548
-4.556623
8.598880
-4.640249
-4.545914
8.633368
-4.623345
-4.525009
8.675856
-4.597441
-4.495706
8.724478
-4.564562
8.637075
-4.694627
-4.623646
8.609909
-4.744019
-4.667511
8.599467
-4.777106
-4.694362
8.605859
-4.792772
-4.703440
8.628408
-4.790951
-4.695074
8.665753
-4.772641
-4.670642
8.715941
-4.739807
-4.632441
8.776523
-4.695192
8.695671
-4.819550
-4.741423
8.684065
-4.853729
-4.768642
8.691326
-4.868484
-4.776081
8.716589
-4.863861
-4.764229
8.758222
-4.841100
-4.734755
8.813943
-4.802516
-4.690344
8.880910
-4.751270
8.801972
-4.874722
-4.792028
8.794996
-4.903094
-4.813211
8.807178
-4.911732
-4.814445
8.837381
-4.901086
-4.796619
8.883693
-4.872773
-4.761771
8.943540
-4.829423
8.858476
-4.959647
-4.877454
8.847166
-4.993293
-4.902817
8.858209
-5.004017
-4.904955
8.890298
-4.992234
-4.884811
8.941227
-4.959760
-4.844707
9.008019
-4.909640
8.925999
-5.037652
-4.950767
8.922743
-5.063136
-4.967187
8.943111
-5.064066
-4.958959
8.985253
-5.041532
-4.927742
9.046395
-4.998081
8.959699
-5.131274
-5.044475
8.955048
-5.159580
-5.062340
8.977578
-5.159539
-5.051736
9.025082
-5.132422
-5.014616
9.094320
-5.081232
9.011752
-5.211020
-5.119237
9.017039
-5.229496
-5.126354
9.050875
-5.217773
-5.103415
9.110401
-5.177962
-5.053258
9.191702
-5.113951
9.114931
-5.239092
-5.141037
9.128859
-5.247257
-5.138093
9.170127
-5.226498
-5.106613
9.235527
-5.179492
9.147306
-5.316414
-5.222430
9.149585
-5.337945
-5.231541
9.183517
-5.326362
-5.207646
9.245959
-5.283897
9.155360
-5.423548
-5.328787
9.160820
-5.443964
-5.334980
9.201969
-5.426637
-5.303623
9.275032
-5.374347
9.190561
-5.508522
-5.407966
9.209409
-5.515957
-5.400033
9.265417
-5.483489
-5.352763
9.353950
-5.415030
9.277845
-5.541903
-5.433813
9.309466
-5.534970
-5.411627
9.376965
-5.489347
-5.351673
9.475122
-5.409808
9.402802
-5.534437
-5.421181
9.437815
-5.521866
-5.394316
9.506297
-5.473470
9.413827
-5.618101
-5.514063
9.426023
-5.631152
-5.511004
9.478233
-5.602138
-5.466330
9.565630
-5.534854
9.484076
-5.669771
-5.556957
9.513917
-5.664277
-5.535083
9.582784
-5.617225
9.488604
-5.764732
-5.657009
9.507046
-5.773363
-5.647329
9.570279
-5.734604
-5.590890
9.672494
-5.653138
9.598068
-5.782770
-5.660929
9.643760
-5.761352
-5.621944
9.729892
-5.696431
9.643688
-5.838241
-5.720617
9.676177
-5.831248
-5.695065
9.752779
-5.777341
9.659678
-5.926240
-5.810362
9.688288
-5.925166
-5.789061
9.765429
-5.872576
9.672162
-6.022012
-5.904174
9.706817
-6.016766
-5.876968
9.793534
-5.955927
9.705688
-6.100696
-5.977531
9.752743
-6.083804
-5.937478
9.853446
-6.009129
9.773307
-6.147384
-6.017205
9.833375
-6.116800
-5.963122
9.946577
-6.028580
9.872585
-6.162283
-6.025623
9.940943
-6.121704
-5.961992
10.060519
-6.025355
9.988330
-6.159055
-6.018211
10.057472
-6.115733
9.952326
-6.280985
-6.157047
9.985133
-6.279560
-6.130099
10.078871
-6.213574
9.988951
-6.364796
-6.229923
10.048113
-6.337349
-6.175793
10.168080
-6.244344
10.093256
-6.382611
-6.236054
10.173051
-6.332192
10.071796
-6.495837
-6.362443
10.123768
-6.478203
-6.315744
10.243042
-6.388533
10.165787
-6.530578
-6.380535
10.251909
-6.476417
10.152711
-6.639583
-6.500104
10.216951
-6.611861
-6.440851
10.352979
-6.506900
10.283977
-6.643171
-6.482990
10.387991
-6.571418
10.297302
-6.728888
-6.578730
10.377891
-6.684074
-6.501506
10.530160
-6.561269
10.467888
-6.694353
-6.523914
10.582181
-6.609919
10.494034
-6.768460
-6.610171
10.578280
-6.717438
10.470349
-6.894733
-6.745880
10.537614
-6.866026
-6.681896
10.684670
-6.751396
10.615196
-6.894474
-6.719829
10.732544
-6.810360
10.642610
-6.973702
-6.808113
10.737894
-6.914929
10.633164
-7.092427
-6.933262
10.717792
-7.049096
-6.851272
10.887699
-6.913045
10.828325
-7.050874
-6.861043
10.967615
-6.943906
10.887208
-7.103770
-6.922957
11.001159
-7.024943
10.902582
-7.201890
-7.028817
11.000321
-7.143630
10.890878
-7.331154
-7.162292
10.984266
-7.282309
10.871883
-7.472267
-7.303241
10.973203
-7.420801
-7.205584
11.175165
-7.259872
11.129455
-7.391816
11.006710
-7.594711
-7.424965
11.102070
-7.551555
-7.333258
11.303839
-7.392957
11.254939
-7.531007
11.128430
-7.740350
-7.566238
11.229060
-7.695103
-7.469486
11.441849
-7.527918
11.396824
-7.665851
11.272926
-7.876246
-7.693568
11.386319
-7.820354
11.276726
-8.017123
-7.823995
11.421794
-7.934283
11.331869
-8.114203
-7.906783
11.510979
-7.999439
11.441263
-8.163533
-7.940321
11.649566
-8.018037
11.595945
-8.170944
-7.932953
11.822795
-8.001454
11.777728
-8.150336
11.652456
-8.371926
-8.168796
11.801457
-8.292957
11.704976
-8.488903
-8.265966
11.902325
-8.364226
11.835332
-8.536740
-8.291908
12.073129
-8.368528
12.029074
-8.524804
11.904600
-8.752634
-8.534165
12.085645
-8.653851
12.003230
-8.845860
-8.598965
12.246797
-8.684768
12.202179
-8.848149
-8.572353
12.489640
-8.633153
12.468442
-8.780040
12.361403
-9.007143
-8.758336
12.578617
-8.871710
12.509249
-9.067369
-8.790051
12.776452
-8.873642
12.738937
-9.049135
12.611391
-9.302502
-9.051580
12.827102
-9.181018
12.750425
-9.392669
-9.105843
13.035343
-9.195492
13.002583
-9.376638
12.878886
-9.636096
-9.368023
13.127022
-9.493782
13.065082
-9.704011
12.919544
-9.986391
-9.725763
13.175428
-9.860859
13.116732
-10.072246
-9.753550
13.487102
-9.824528
13.499578
-9.984754
13.419077
-10.228135
-9.906794
13.767423
-10.000958
13.761761
-10.191341
13.658863
-10.463771
-10.142430
13.998842
-10.255766
13.983134
-10.467209
13.870697
-10.759974
-10.433155
14.225502
-10.555860
14.218424
-10.779410
14.107310
-11.077646
-10.735661
14.496425
-10.856333
14.515824
-11.086830
14.414194
-11.381974
-11.015264
14.845598
-11.127686
14.876757
-11.345222
14.807459
-11.656486
14.645415
-12.035961
-11.698988
15.070399
-11.862555
15.087475
-12.113156
15.012533
-12.438668
-12.034583
15.576234
-12.140933
15.687720
-12.345520
15.691038
-12.646770
15.601609
-13.027784
-12.605782
16.196303
-12.739750
16.307301
-12.965885
16.319000
-13.303510
16.248366
-13.734789
-13.280143
16.916974
-13.428197
17.090990
-13.692749
17.148142
-14.069678
17.104438
-14.537684
-14.025443
17.874297
-14.194953
18.129196
-14.474302
18.237392
-14.902828
18.250877
-15.454087
18.175892
-16.079834
-15.574049
19.115692
-15.831406
19.440124
-16.224313
19.665520
-16.756640
19.797907
-17.413974
19.850577
-18.150775
-17.550040
21.294108
-17.878079
21.870647
-18.360615
22.326886
-19.048097
22.739131
-19.955736
23.133202
-21.062574
23.502929
-22.299501
23.871849
-23.615441
-23.120070
26.976118
-24.224448
28.707318
-25.577733
30.485818
-27.346986
32.599486
-29.708815
35.315162
-32.834388
38.945761
-37.122889
43.866716
-43.503207
51.065223
-54.365679
63.039138
-78.641626
88.946562
-214.638657
236.123783
60.048114
60.004753
104.715899
-72.400822
-100.647123
-147.814026
534.195771
-31.385025
-30.003023
-31.400084
32.766790
-56.843777
151.782635
558.780305
-65.736897
-119.854090
-192.745659
-158.524585
79.383453
-383.660920
18.038734
17.079807
15.346177
13.907094
12.994802
12.459193
12.146374
11.963807
11.934635
11.982637
12.138900
12.490613
-4.732686
-6.069902
-7.191430
-7.976585
15.727166
-10.144551
-10.576961
-10.648549
16.292098
-11.613338
-11.478939
16.383690
-12.073447
16.112771
-12.778812
-12.555968
16.425030
-12.914006
16.292803
-13.381546
-13.004033
16.902843
-13.204495
16.972513
-13.499429
16.941511
-13.908521
16.829338
-14.403589
-13.986731
17.586034
-14.187000
17.755563
-14.518289
17.814978
-14.928875
17.776949
-15.423928
-14.887113
18.784873
-15.081639
19.064975
-15.413026
19.230875
-15.889991
19.300695
-16.454033
19.262913
-17.148913
-16.561115
20.544177
-16.871312
20.958940
-17.339994
21.263728
-17.990871
21.491995
-18.808107
21.662212
-19.736630
21.785220
-20.733674
-20.142486
23.931880
-20.795482
24.921620
-21.643468
25.834649
-22.786983
26.780678
-24.301384
27.863804
-26.240494
29.212070
-28.569352
30.965314
-31.378210
33.272536
-34.811493
36.301069
-39.070498
40.457523
-44.517405
-50.634833
58.420529
77.554907
-90.317228
226.825413
-297.203066
46.316407
55.761939
140.081265
-45.516068
-38.953856
-36.014290
-37.796858
-52.673055
265.770871
-31.424773
-26.323831
-30.092724
-69.263409
38.347707
19.234547
14.802587
13.912724
13.997542
14.379778
14.829104
15.243923
15.575628
15.809920
15.944130
15.969409
15.916027
15.598816
15.040892
14.360455
-4.307574
-7.457849
-15.827531
-39.387895
-92.294416
138.712262
110.951983
54.457997
58.196499
323.111736
-13.572442
-22.904274
-142.595125
31.021647
30.282117
50.451396
-49.967276
-21.357054
-19.400050
-22.754810
-29.952022
-47.833279
-280.687233
13.791052
14.628822
15.748945
17.320340
19.465658
22.751451
28.788351
51.102122
-49.854735
-38.805043
-40.926895
-43.000296
-45.024436
-47.028409
-48.961396
-50.734714
-52.368515
-53.815455
-55.008363
-55.864705
-56.293504
-56.179697
-55.366863
-53.721292
-51.605751
63.458533
39.847400
45.769877
68.608457
1313.840746
-1.140855
-1.136332
-1.135495
-1.137978
-1.143646
-1.152446
-1.164394
-1.179589
-1.197842
-1.219178
-1.243628
-1.271238
-1.302068
-1.336428
-1.374222
-1.415547
-1.460520
-1.509293
-1.562062
-1.619088
-1.680733
-1.747521
-1.820246
-1.900159
-1.989327
-2.091323
-2.212607
-2.365410
-2.573994
-2.888884
-3.420585
-4.421298
-6.470171
-10.716683
-18.117019
-25.858758
-27.937000
-22.563735
-14.240972
-8.263976
-5.232508
-3.807205
-3.114147
-2.755182
-2.556077
-2.437958
-2.363345
-2.313549
-2.278827
-2.253886
-2.235741
-2.222651
-2.213567
-2.207839
-2.205054
-2.204942
-2.207327
-2.212087
-2.219140
-2.228593
-2.240599
-2.254758
-2.271051
-2.289460
-2.309973
-2.332579
-2.357274
-2.384051
-2.412911
-2.443855
-2.476891
-2.512027
-2.549277
-2.588656
-2.630183
-2.673880
-2.719772
-2.767883
-2.818243
-2.870879
-2.925822
-2.983102
-3.042749
-3.104796
-3.169273
-3.236212
-3.305644
-3.377909
-3.452850
-3.530377
-3.610521
-3.693311
-3.778774
-3.866936
-3.957818
-4.051436
-4.147796
-4.246897
-4.348724
-4.453244
-4.560405
-4.670130
-4.782314
-4.896817
-5.013464
-5.132041
-5.252291
-5.373919
-5.496591
-5.619940
-5.743567
-5.867049
-5.989939
-6.111763
-6.232014
-6.350135
-6.465502
-6.577395
-6.684968
-6.787222
-6.882976
-6.970854
-7.049271
-7.116865
-7.173242
-7.215242
-7.241467
-7.251253
-7.245571
-7.228966
-7.213883
-7.231002
-7.356119
-7.790250
-9.160687
-14.288366
-77.778343
24.209941
17.656531
16.456882
16.550343
17.288329
18.363736
19.500490
20.635124
22.172736
25.206131
33.417221
107.923636
-22.682702
-12.129532
-10.459848
-10.704457
-11.520950
-12.614485
-13.945158
-15.562450
-17.585609
-20.214064
-23.841662
-29.341886
-39.239137
-66.021220
2988.276682
0.500655
0.502724
0.502440
0.499871
0.494973
0.487896
0.478638
0.467180
0.453491
0.437361
0.418844
0.397857
0.374278
0.347918
0.318471
0.285399
0.247696
0.203332
0.147865
0.070697
-0.056105
-0.315739
-1.000071
-3.378026
-13.411354
-25.679972
-25.915203
-25.992633
-25.903794
-25.642155
-25.203146
-22.777612
-5.448252
-1.336688
-0.315511
0.017283
0.153871
0.222056
0.262199
0.288954
0.308240
0.322667
0.333474
0.341289
0.346447
0.349133
0.349454
0.347469
0.343209
0.336685
0.327895
0.316824
0.303445
0.287719
0.269590
0.248978
0.225769
0.199792
0.170770
0.138239
0.101359
0.058500
0.006258
-0.063068
-0.168545
-0.362704
-0.811688
-2.149457
-7.321708
-26.621329
-28.765917
-28.864868
-28.754752
-28.420198
-27.839610
-8.281179
-2.224046
-0.708402
-0.225986
-0.035665
0.053605
0.101974
0.131338
0.150580
0.163629
0.172353
0.177696
0.180157
0.180010
0.177408
0.172434
0.165127
0.155501
0.143546
0.129234
0.112517
0.093326
0.071557
0.047058
0.019594
-0.011213
-0.046006
-0.085950
-0.133289
-0.192662
-0.274400
-0.403600
-0.647919
-1.216275
-2.880355
-8.986106
-29.650024
-32.248679
-32.303732
-32.096403
-31.597830
-10.123766
-2.990125
-1.094926
-0.474222
-0.226279
-0.110440
-0.049044
-0.013170
0.009174
0.023399
0.032125
0.036695
0.037831
0.035934
0.031231
0.023844
0.013833
0.001212
-0.014043
-0.031990
-0.052727
-0.076432
-0.103343
-0.133878
-0.168727
-0.209107
-0.257275
-0.317692
-0.399782
-0.525038
-0.747196
-1.217134
-2.427571
-6.273804
-19.664415
-36.416739
-36.697412
-36.695894
-36.372322
-11.981746
-3.738051
-1.451072
-0.684511
-0.373504
-0.226572
-0.148093
-0.101919
-0.072848
-0.053930
-0.041763
-0.034585
-0.031446
-0.031813
-0.035392
-0.042026
-0.051649
-0.064265
-0.079937
-0.098799
-0.121079
-0.147147
-0.177617
-0.213530
-0.256745
-0.310753
-0.382518
-0.486902
-0.658237
-0.983909
-1.715685
-3.699642
-10.137869
-29.928176
-42.228473
-42.638774
-38.188076
-13.811062
-4.663901
-1.876518
-0.879947
-0.449154
-0.228345
-0.096248
-0.005482
0.064586
0.123800
0.177277
0.227923
0.277561
0.327460
0.378593
0.431766
0.487655
0.546774
0.609343
0.674990
0.742085
0.806270
0.856972
0.868441
0.773945
0.379486
-0.985491
-6.172356
-27.144538
-42.018286
134.381911
-59.943505
-62.226946
-64.464872
-66.904144
-78.349664
-16.019672
-2.732127
-0.571971
0.038616
0.320801
0.519310
0.702084
0.895068
1.114004
1.374861
1.700301
2.128905
2.736745
3.708200
5.652782
12.970429
-14.150800
16.207693
-10.197133
-43.281768
2.242805
3.059828
4.473357
7.655085
26.431853
-7.375142
-9.719312
-15.669961
-61.117331
-0.372524
-0.307110
-0.217406
-0.090035
0.101438
0.412495
0.981499
2.280213
7.706871
-16.285238
6.789178
-9.192690
-13.338291
-1.611618
-1.938275
-2.686612
-4.797630
-7.722515
-7.771245
-8.363524
-9.528536
-11.537006
-14.404901
-17.087234
-17.484859
-15.140794
-12.014994
-9.587340
-8.051118
-7.143351
-6.611036
-6.292138
-6.094560
-5.965791
-5.876124
-5.808546
-5.753176
-5.704181
-5.658040
-5.612560
-5.566308
-5.518450
-5.469247
-5.417601
-5.363765
-5.308885
-5.256088
-5.213055
-5.198415
-5.259017
-5.524522
-6.428510
-10.083237
-56.724188
24.737989
18.371104
17.184861
17.422308
18.426941
20.022554
22.318264
26.006941
33.422471
56.347944
-150.282342
-37.150778
-12.756414
-8.523291
-7.069009
-6.424003
-6.098363
-5.921033
-5.819616
-5.759317
-5.721763
-5.696452
-5.676860
-5.658495
-5.637809
-5.611499
-5.575971
-5.526833
-5.458379
-5.363090
-5.231386
-5.052192
-4.815232
-4.515781
-4.160708
-3.771360
-3.378537
-3.011403
-2.688597
-2.416678
-2.193731
-2.013751
-1.869653
-1.754771
-1.663401
-1.590891
-1.533531
-1.488410
-1.453269
-1.426374
-1.406417
-1.397526
-1.445187
-1.458531
-1.473113
-1.489229
-1.507148
-1.527105
-1.549295
-1.573869
-1.600941
-1.630584
-1.662842
-1.697734
-1.735261
-1.775413
-1.818182
-1.863562
-1.911562
-1.962224
-2.016550
-2.073799
-2.134403
-2.199110
-2.269282
-2.347494
-2.438830
-2.553779
-2.715193
-2.976112
-3.470126
-4.571578
-7.478618
-16.419278
-41.607369
-69.860970
-56.990374
-23.949093
-8.264521
-2.104625
2.614854
4.867553
4.123933
4.201648
4.123970
4.080142
4.035356
3.984773
3.920177
3.827288
3.672731
3.363573
2.594761
0.177142
-2.142327
-468.349598
236.430949
1040.398294
-69.028186
-85.412482
-91.679960
-102.883863
-118.816305
-143.616288
-190.215318
-333.036015
1144.107603
-88.840273
-94.060597
-99.062045
-21.675559
-8.962420
-7.755360
-7.444859
-7.255424
-7.083867
-6.919501
-6.786656
-6.855255
-8.425429
4.329851
-6.808256
-8.959662
-14.491847
-48.994119
-178.301887
24.673108
132.858643
-80.773974
79.257621
-224.412161
68.755560
-83.025553
61.193079
-116.660459
28.901491
45.975181
146.435204
133.299728
190.977513
468.804855
-184.795091
-436.174126
218.322672
1072.309130
-57.706438
-64.882139
-74.645974
nan
nan
nan
nan
nan
nan
nan
nan
nan
nan
nan
nan
nan
nan
nan
nan
nan
nan
nan
nan
nan
nan
nan
nan
nan
nan
nan
nan
nan
nan
nan
nan
nan
nan
nan
nan
nan
nan
nan
nan
nan
nan
nan
nan
nan
nan
nan
nan
nan
nan
nan
nan
nan
nan
nan
nan
nan
nan
nan
nan
nan
nan
nan
nan
nan
nan
nan
nan
nan
nan
nan
nan
nan
nan
nan
nan
nan
nan
nan
nan
nan
nan
nan
nan
nan
nan
nan
nan
nan
nan
nan
nan
nan
nan
nan
nan
nan
nan
nan
nan
nan
nan
nan
nan
nan
nan
nan
nan
nan
nan
nan
nan
nan
nan
nan
nan
nan
nan
nan
nan
nan
nan
nan
nan
nan
nan
nan
nan
nan
nan
nan
nan
nan
nan
nan
nan
nan
nan
nan
nan
nan
nan
nan
nan
nan
nan
nan
nan
nan
nan
nan
nan
nan
nan
nan
nan
nan
nan
nan
nan
nan
nan
nan
nan
nan
nan
nan
nan
nan
nan
nan
nan
nan
nan
nan
nan
nan
nan
nan
nan
nan
nan
nan
nan
nan
nan
nan
nan
nan
nan
nan
nan
nan
nan
nan
nan
nan
nan
nan
nan
nan
nan
nan
nan
nan
nan
nan
nan
nan
nan
nan
nan
nan
nan
nan
nan
nan
nan
nan
nan
nan
nan
nan
nan
nan
nan
nan
nan
nan
nan
nan
nan
nan
nan
nan
nan
nan
nan
nan
nan
nan
nan
nan
nan
nan
nan
nan
nan
nan
nan
nan
nan
nan
nan
nan
nan
nan
nan
nan
nan
nan
nan
nan
nan
nan
nan
nan
nan
nan
nan
nan
nan
nan
nan
nan
nan
nan
nan
nan
nan
nan
nan
nan
nan
nan
nan
nan
nan
nan
nan
nan
nan
nan
nan
nan
nan
nan
nan
nan
nan
nan
nan
nan
nan
nan
nan
nan
nan
nan
nan
nan
nan
nan
nan
nan
nan
nan
nan
nan
nan
nan
nan
nan
nan
nan
nan
nan
nan
nan
nan
nan
nan
nan
nan
nan
nan
nan
nan
nan
nan
nan
nan
nan
nan
nan
nan
nan
nan
nan
nan
nan
nan
nan
nan
nan
nan
nan
nan
nan
nan
nan
nan
nan
nan
nan
nan
nan
nan
nan
nan
nan
nan
nan
nan
nan
nan
nan
nan
nan
nan
nan
nan
nan
nan
nan
nan
nan
nan
nan
nan
nan
nan
nan
nan
nan
nan
nan
nan
nan
nan
nan
nan
nan
nan
nan
nan
nan
nan
nan
nan
nan
nan
nan
nan
nan
nan
nan
nan
nan
nan
nan
nan
nan
nan
nan
nan
nan
nan
nan
nan
nan
nan
nan
nan
nan
nan
nan
nan
nan
nan
nan
nan
nan
nan
nan
nan
nan
nan
nan
nan
nan
nan
nan
nan
nan
nan
nan
nan
nan
nan
nan
nan
nan
nan
nan
nan
nan
nan
nan
nan
nan
nan
nan
nan
nan
nan
nan
nan
nan
nan
nan
nan
nan
nan
nan
nan
nan
nan
nan
nan
nan
nan
nan
nan
nan
nan
nan
nan
nan
nan
nan
nan
nan
nan
nan
nan
nan
nan
nan
nan
nan
nan
nan
nan
nan
nan
nan
nan
nan
nan
nan
nan
nan
nan
nan
nan
nan
nan
nan
nan
nan
nan
nan
nan
nan
nan
nan
nan
nan
nan
nan
nan
nan
nan
nan
nan
nan
nan
nan
nan
nan
nan
nan
nan
nan
nan
nan
nan
nan
nan
nan
nan
nan
nan
nan
nan
nan
nan
nan
nan
nan
nan
nan
nan
nan
nan
nan
nan
nan
nan
nan
nan
nan
nan
nan
nan
nan
nan
nan
nan
nan
nan
nan
nan
nan
nan
nan
nan
nan
nan
nan
nan
nan
nan
nan
nan
nan
nan
nan
nan
nan
nan
nan
nan
nan
nan
nan
nan
nan
nan
nan
nan
nan
nan
nan
nan
nan
nan
nan
nan
nan
nan
nan
nan
nan
nan
nan
nan
nan
nan
nan
nan
nan
nan
nan
nan
nan
nan
nan
nan
nan
nan
nan
nan
nan
nan
nan
nan
nan
nan
nan
nan
nan
nan
nan
nan
nan
nan
nan
nan
nan
nan
nan
nan
nan
nan
nan
nan
nan
nan
nan
nan
nan
nan
nan
nan
nan
nan
nan
nan
nan
nan
nan
nan
nan
nan
nan
nan
nan
nan
nan
nan
nan
nan
nan
nan
nan
nan
nan
nan
nan
nan
nan
nan
nan
nan
nan
nan
nan
