0.002000
1.999996
1.999995
1.999995
1.999996
1.999998
2.000000
2.000004
2.000008
2.000010
2.000011
2.000016
2.000025
2.000033
2.000045
2.000062
2.000086
2.000109
2.000142
2.000177
2.000216
2.000262
2.000347
2.000340
2.000375
2.000398
2.000410
2.000409
2.000438
2.000456
2.000476
2.000485
2.000512
2.000528
2.000531
2.000523
2.000503
2.000470
2.000428
2.000374
2.000312
2.000244
2.000169
2.000092
2.000014
1.999960
1.999910
1.999864
1.999824
1.999776
1.999724
1.999670
1.999620
1.999582
1.999553
1.999532
1.999520
1.999515
1.999518
1.999528
1.999544
1.999566
1.999593
1.999623
1.999657
1.999693
1.999731
1.999769
1.999806
1.999842
1.999875
1.999905
1.999930
1.999949
1.999962
1.999968
1.999966
1.999957
1.999940
1.999928
1.999920
1.999915
1.999914
1.999915
1.999920
1.999928
1.999939
1.999954
1.999973
1.999996
2.000017
2.000043
2.000067
2.000090
2.000117
2.000142
2.000172
2.000201
2.000227
2.000259
2.000289
2.000316
2.000349
2.000380
2.000409
2.000443
2.000475
2.000504
2.000540
2.000573
2.000603
2.000640
2.000674
2.000714
2.000752
2.000787
2.000828
2.000867
2.000903
2.000946
2.000985
2.001022
2.001066
2.001106
2.001144
2.001188
2.001230
2.001279
2.001325
2.001367
2.001417
2.001464
2.001507
2.001558
2.001605
2.001649
2.001701
2.001749
2.001793
2.001846
2.001895
2.001953
2.002007
2.002056
2.002115
2.002169
2.002219
2.002278
2.002333
2.002383
2.002443
2.002499
2.002564
2.002624
2.002680
2.002746
2.002806
2.002862
2.002928
2.002989
2.003044
2.003111
2.003172
2.003227
2.003294
2.003355
2.003428
2.003495
2.003556
2.003628
2.003695
2.003756
2.003829
2.003896
2.003957
2.004030
2.004097
2.004177
2.004250
2.004317
2.004396
2.004469
2.004536
2.004615
2.004688
2.004754
2.004834
2.004907
2.004993
2.005072
2.005145
2.005231
2.005310
2.005382
2.005467
2.005546
2.005618
2.005703
2.005782
2.005875
2.005960
2.006038
2.006130
2.006215
2.006292
2.006384
2.006468
2.006567
2.006658
2.006741
2.006839
2.006929
2.007011
2.007108
2.007196
2.007277
2.007373
2.007461
2.007564
2.007659
2.007746
2.007848
2.007942
2.008026
2.008127
2.008220
2.008329
2.008428
2.008519
2.008626
2.008724
2.008812
2.008918
2.009014
2.009101
2.009206
2.009301
2.009414
2.009517
2.009610
2.009721
2.009823
2.009943
2.010052
2.010152
2.010270
2.010377
2.010473
2.010589
2.010694
2.010789
2.010903
2.011006
2.011129
2.011241
2.011341
2.011462
2.011572
2.011670
2.011789
2.011897
2.012025
2.012142
2.012247
2.012373
2.012488
2.012623
2.012747
2.012858
2.012990
2.013110
2.013217
2.013347
2.013464
2.013568
2.013694
2.013808
2.013945
2.014068
2.014179
2.014312
2.014432
2.014576
2.014705
2.014822
2.014961
2.015087
2.015199
2.015336
2.015458
2.015604
2.015736
2.015854
2.015996
2.016124
2.016237
2.016375
2.016499
2.016648
2.016783
2.016902
2.017047
2.017177
2.017332
2.017472
2.017597
2.017748
2.017884
2.018005
2.018152
2.018283
2.018442
2.018584
2.018710
2.018864
2.019001
2.019166
2.019313
2.019445
2.019604
2.019746
2.019872
2.020025
2.020162
2.020328
2.020476
2.020607
2.020767
2.020909
2.021081
2.021235
2.021371
2.021536
2.021683
2.021813
2.021973
2.022115
2.022287
2.022441
2.022577
2.022743
2.022891
2.023071
2.023231
2.023372
2.023545
2.023699
2.023884
2.024050
2.024196
2.024374
2.024532
2.024671
2.024842
2.024994
2.025178
2.025343
2.025487
2.025664
2.025822
2.026012
2.026183
2.026332
2.026515
2.026678
2.026874
2.027049
2.027203
2.027390
2.027556
2.027755
2.027933
2.028089
2.028277
2.028444
2.028588
2.028766
2.028924
2.029115
2.029285
2.029431
2.029612
2.029773
2.029967
2.030141
2.030289
2.030473
2.030637
2.030834
2.031012
2.031163
2.031348
2.031516
2.031715
2.031897
2.032049
2.032235
2.032406
2.032607
2.032792
2.032943
2.033133
2.033302
2.033509
2.033689
2.033838
2.034032
2.034195
2.034403
2.034579
2.034722
2.034912
2.035067
2.035271
2.035438
2.035566
2.035745
2.035946
2.036073
2.036404
2.036845
2.036810
2.037287
2.037281
2.037798
2.038274
2.038268
2.038784
2.038847
2.039358
2.039522
2.039971
2.040354
2.040749
2.041157
2.041691
2.042146
2.042540
2.042942
2.043348
2.043449
2.044107
2.046566
2.047106
2.047603
2.048209
2.048762
2.049238
2.049818
2.050351
2.051005
2.051600
2.052318
2.052971
2.053532
2.054223
2.054844
2.055599
2.056279
2.056857
2.057578
2.058218
2.059006
2.059708
2.060299
2.061022
2.061679
2.062501
2.063229
2.064121
2.064913
2.065580
2.066415
2.067152
2.068067
2.068873
2.069543
2.070368
2.071114
2.072056
2.072881
2.073898
2.074793
2.075539
2.076464
2.077311
2.078311
2.079254
2.080170
2.081094
2.082028
2.082971
2.083927
2.085041
2.086083
2.086953
2.088051
2.089003
2.090198
2.091230
2.092072
2.093113
2.094041
2.095229
2.096245
2.097517
2.098610
2.099499
2.100599
2.101573
2.102818
2.103877
2.105182
2.106315
2.107253
2.108420
2.109493
2.110730
2.111919
2.113106
2.114293
2.115476
2.116663
2.117733
2.118568
2.119606
2.120602
2.121705
2.122809
2.123910
2.125006
2.126099
2.127037
2.128098
2.129050
2.130174
2.131191
2.132376
2.133457
2.134372
2.135420
2.136358
2.137462
2.138461
2.139617
2.140664
2.141516
2.142545
2.143450
2.144485
2.145418
2.146507
2.147488
2.148259
2.149189
2.150391
2.151470
2.152317
2.153333
2.154215
2.155275
2.156187
2.156866
2.157748
2.158478
2.159421
2.160203
2.161214
2.162036
2.163112
2.163970
2.164590
2.165489
2.166170
2.167140
2.167880
2.168916
2.169709
2.170806
2.171643
2.172788
2.173658
2.174260
2.175195
2.175855
2.176854
2.177569
2.178629
2.179391
2.180503
2.181303
2.182455
2.183280
2.183789
2.184687
2.185254
2.186227
2.186852
2.187900
2.188579
2.189697
2.190418
2.191596
2.192341
2.193555
2.194305
2.195524
2.196275
2.197496
2.198250
2.198536
2.199291
2.200515
2.201271
2.202497
2.203255
2.204484
2.205244
2.206475
2.208177
2.209413
2.210183
2.210486
2.211262
2.211570
2.212350
2.213601
2.215324
2.216581
2.217371
2.217696
2.218493
2.218823
2.218686
2.218079
2.217002
2.216392
2.216247
2.216421
2.216841
2.217475
2.218311
2.219343
2.220574
2.222021
2.223720
2.225207
2.226329
2.227918
2.229033
2.229674
2.230782
2.232358
2.233461
2.235033
2.236133
2.237703
2.238802
2.239429
2.240528
2.241156
2.241315
2.241002
2.240215
2.239841
2.239746
2.239867
2.240178
2.240665
2.241323
2.242148
2.243137
2.244290
2.245606
2.247086
2.248733
2.250559
2.252312
2.253954
2.255435
2.257296
2.258747
2.259722
2.261167
2.262137
2.263577
2.264543
2.265979
2.267887
2.270268
2.273125
2.275871
2.278479
2.280893
2.283021
2.284744
2.286006
2.286807
2.287147
2.287025
2.286439
2.286075
2.285869
2.285804
2.285876
2.286086
2.286433
2.286919
2.287543
2.288306
2.289204
2.290237
2.291202
2.292101
2.293134
2.294098
2.294996
2.296026
2.296987
2.297881
2.298708
2.299669
2.300563
2.301591
2.302549
2.303439
2.304463
2.305416
2.306300
2.307117
2.308069
2.308953
2.309971
2.310919
2.311798
2.312811
2.313754
2.314627
2.315634
2.316571
2.317437
2.318438
2.319368
2.320228
2.321222
2.322144
2.322997
2.323985
2.324901
2.325747
2.326728
2.327638
2.328479
2.329455
2.330360
2.331195
2.332166
2.333067
2.333899
2.334867
2.335765
2.336594
2.337561
2.338457
2.339490
2.340451
2.341340
2.342366
2.343319
2.344200
2.345011
2.345960
2.346838
2.347853
2.348795
2.349665
2.350672
2.351606
2.352469
2.353468
2.354394
2.355247
2.356238
2.357155
2.358000
2.358983
2.359893
2.360730
2.361705
2.362608
2.363438
2.364407
2.365304
2.366128
2.367093
2.367985
2.369015
2.369971
2.370853
2.371873
2.372818
2.373689
2.374698
2.375631
2.376490
2.377487
2.378408
2.379254
2.380239
2.381148
2.381983
2.382956
2.383854
2.384678
2.385642
2.386531
2.387345
2.388301
2.389182
2.390203
2.391146
2.392015
2.393023
2.393954
2.394809
2.395804
2.396721
2.397563
2.398545
2.399449
2.400278
2.401248
2.402141
2.402958
2.403917
2.404799
2.405607
2.406557
2.407432
2.408448
2.409386
2.410248
2.411251
2.412176
2.413025
2.414015
2.414927
2.415762
2.416739
2.417639
2.418461
2.419427
2.420315
2.421127
2.422082
2.422961
2.423982
2.424924
2.425788
2.426795
2.427721
2.428570
2.429562
2.430473
2.431306
2.432283
2.433180
2.433998
2.434962
2.435845
2.436651
2.437603
2.438475
2.439492
2.440429
2.441285
2.442286
2.443206
2.444047
2.445032
2.445935
2.446760
2.447730
2.448618
2.449428
2.450384
2.451260
2.452281
2.453219
2.454077
2.455079
2.455999
2.456838
2.457822
2.458723
2.459544
2.460510
2.461395
2.462198
2.463149
2.464019
2.465034
2.465966
2.466815
2.467811
2.468723
2.469552
2.470528
2.471421
2.472231
2.473189
2.474064
2.474858
2.475801
2.476661
2.477669
2.478593
2.479433
2.480423
2.481327
2.482149
2.483120
2.484006
2.484810
2.485764
2.486635
2.487654
2.488587
2.489436
2.490434
2.491346
2.492173
2.493150
2.494041
2.494848
2.495805
2.496677
2.497698
2.498632
2.499479
2.500476
2.501385
2.502208
2.503181
2.504067
2.504866
2.505817
2.506682
2.507696
2.508621
2.509458
2.510447
2.511346
2.512157
2.513120
2.513995
2.514783
2.515723
2.516576
2.517581
2.518495
2.519322
2.520301
2.521190
2.521992
2.522946
2.523812
2.524591
2.525525
2.526371
2.527370
2.528280
2.529102
2.530077
2.530963
2.531762
2.532716
2.533581
2.534599
2.535527
2.536365
2.537357
2.538257
2.539068
2.540035
2.540910
2.541696
2.542639
2.543492
2.544500
2.545416
2.546241
2.547223
2.548112
2.548911
2.549867
2.550731
2.551751
2.552677
2.553511
2.554502
2.555398
2.556202
2.557163
2.558031
2.558808
2.559744
2.560587
2.561588
2.562494
2.563309
2.564281
2.565159
2.565946
2.566893
2.567746
2.568757
2.569674
2.570497
2.571478
2.572365
2.573159
2.574113
2.574972
2.575990
2.576912
2.577738
2.578724
2.579613
2.580408
2.581363
2.582222
2.583241
2.584161
2.584984
2.585968
2.586853
2.587642
2.588593
2.589446
2.590459
2.591372
2.592188
2.593165
2.594042
2.594822
2.595765
2.596609
2.597614
2.598519
2.599325
2.600294
2.601162
2.601933
2.602868
2.603704
2.604703
2.605601
2.606401
2.607364
2.608227
2.608992
2.609923
2.610755
2.611752
2.612647
2.613444
2.614407
2.615269
2.616296
2.617219
2.618042
2.619029
2.619913
2.620697
2.621647
2.622496
2.623509
2.624418
2.625224
2.626197
2.627066
2.627833
2.628768
2.629601
2.630601
2.631495
2.632287
2.633248
2.634104
2.635127
2.636043
2.636855
2.637834
2.638707
2.639476
2.640414
2.641248
2.642249
2.643144
2.643933
2.644892
2.645744
2.646765
2.647677
2.648481
2.649456
2.650321
2.651080
2.652011
2.652835
2.653829
2.654714
2.655492
2.656442
2.657284
2.658297
2.659198
2.659992
2.660957
2.661813
2.662561
2.663484
2.664298
2.665286
2.666164
2.666933
2.667879
2.668714
2.669724
2.670623
2.671411
2.672376
2.673229
2.674257
2.675170
2.675972
2.676949
2.677813
2.678566
2.679497
2.680316
2.681311
2.682193
2.682963
2.683911
2.684747
2.685760
2.686657
2.687441
2.688404
2.689253
2.690278
2.691187
2.691980
2.692952
2.693807
2.694548
2.695471
2.696279
2.697268
2.698139
2.698897
2.699837
2.700662
2.701668
2.702556
2.703329
2.704285
2.705125
2.706146
2.707047
2.707832
2.708800
2.709649
2.710680
2.711590
2.712380
2.713354
2.714206
2.715241
2.716151
2.716940
2.717912
2.718762
2.719491
2.720408
2.721203
2.722184
2.723043
2.724085
2.725001
2.725794
2.726772
2.727625
2.728356
2.729276
2.730072
2.731057
2.731916
2.732962
2.733879
2.734670
2.735648
2.736499
2.737226
2.738143
2.738936
2.739919
2.740774
2.741818
2.742731
2.743515
2.744490
2.745335
2.746369
2.747270
2.748040
2.749002
2.749832
2.750851
2.751736
2.752489
2.753435
2.754248
2.755253
2.756121
2.756858
2.757790
2.758588
2.759581
2.760437
2.761161
2.762083
2.762872
2.763858
2.764708
2.765754
2.766659
2.767428
2.768396
2.769225
2.770251
2.771134
2.771880
2.772826
2.773632
2.774637
2.775500
2.776223
2.777150
2.777937
2.778926
2.779772
2.780818
2.781718
2.782475
2.783436
2.784252
2.785270
2.786140
2.786866
2.787798
2.788585
2.789577
2.790421
2.791122
2.792032
2.792798
2.793773
2.794601
2.795637
2.796522
2.797260
2.798210
2.799011
2.800023
2.800882
2.801594
2.802521
2.803298
2.804290
2.805130
2.806183
2.807079
2.807823
2.808783
2.809589
2.810610
2.811474
2.812184
2.813113
2.813888
2.814883
2.815719
2.816773
2.817665
2.818399
2.819354
2.820150
2.821167
2.822020
2.823091
2.823994
2.824734
2.825697
2.826494
2.827513
2.828362
2.829047
2.829960
2.830708
2.831683
2.832491
2.833525
2.834387
2.835082
2.836010
2.836769
2.837760
2.838580
2.839630
2.840504
2.841207
2.842147
2.842913
2.843916
2.844743
2.845804
2.846683
2.847386
2.848330
2.849096
2.850102
2.850926
2.851990
2.852866
2.853560
2.854501
2.855257
2.856260
2.857075
2.858135
2.859002
2.859682
2.860615
2.861359
2.862355
2.863159
2.864215
2.865072
2.866179
2.867082
2.867787
2.868748
2.869509
2.870525
2.871337
2.872403
2.873260
2.873913
2.874830
2.875542
2.876520
2.877289
2.878324
2.879145
2.880231
2.881097
2.881749
2.882676
2.883388
2.884376
2.885144
2.886190
2.887010
2.888106
2.888969
2.889608
2.890534
2.891231
2.892220
2.892976
2.894023
2.894831
2.895931
2.896783
2.897398
2.898316
2.898993
2.899978
2.900717
2.901766
2.902562
2.903668
2.904511
2.905664
2.906544
2.907158
2.908099
2.908770
2.909772
2.910498
2.911559
2.912335
2.913448
2.914265
2.915420
2.916266
2.916814
2.917725
2.918331
2.919310
2.919976
2.921023
2.921744
2.922853
2.923621
2.924784
2.925588
2.926793
2.927618
2.928851
2.929682
2.930119
2.931017
2.931501
2.932470
2.933002
2.934033
2.934597
2.935673
2.936254
2.937348
2.937928
2.939019
2.939597
2.940687
2.941263
2.942351
2.942925
2.944010
2.944581
2.945664
2.946232
2.947312
2.948903
2.951006
2.953624
2.955732
2.957332
2.958424
2.960036
2.961145
2.961765
2.961882
2.962519
2.962648
2.963295
2.964459
2.965114
2.965260
2.964896
2.964019
2.963657
2.962778
2.962205
2.961918
2.961887
2.962086
2.962498
2.963113
2.963925
2.964932
2.966134
2.967531
2.969127
2.970928
2.972642
2.974247
2.975723
2.977057
2.978658
2.980082
2.981322
2.982377
2.983710
2.984842
2.985776
2.986990
2.987995
2.989277
2.990339
2.991185
2.992312
2.993218
2.994404
2.995359
2.996092
2.997115
2.997911
2.998998
2.999853
3.001000
3.001907
3.003104
3.004053
3.004763
3.005775
3.006543
3.007617
3.008441
3.009571
3.010445
3.011625
3.012539
3.013198
3.014181
3.014903
3.015954
3.016739
3.017855
3.018698
3.019872
3.020764
3.021987
3.022915
3.023558
3.024555
3.025262
3.026329
3.027097
3.028232
3.029056
3.030251
3.031121
3.032365
3.033268
3.034548
3.035471
3.036047
3.037036
3.037667
3.038727
3.039414
3.040546
3.041285
3.042486
3.043267
3.044529
3.045338
3.046642
3.047457
3.048781
3.049593
3.050925
3.051738
3.053071
3.053887
3.055223
3.056041
3.056343
3.057164
3.058504
3.059326
3.060668
3.061492
3.062836
3.064702
3.067089
3.068962
3.070322
3.071169
3.071504
3.071324
3.071669
3.071501
3.070881
3.069757
3.068112
3.066981
3.066175
3.065615
3.065283
3.065180
3.065309
3.065678
3.066293
3.067159
3.068281
3.069660
3.071298
3.073195
3.075347
3.077745
3.080381
3.082933
3.085348
3.087483
3.089093
3.090179
3.091780
3.093898
3.096535
3.099692
3.103372
3.106823
3.109884
3.112435
3.115512
3.119109
3.123243
3.126878
3.130168
3.133149
3.135767
3.137917
3.139585
3.140770
3.142229
3.143977
3.146031
3.148421
3.151184
3.154376
3.158096
3.162370
3.166176
3.169524
3.172420
3.174869
3.176877
3.178446
3.179579
3.180277
3.180542
3.180373
3.179769
3.178727
3.177245
3.175318
3.172942
3.170110
3.166818
3.164085
3.161907
3.160286
3.159220
3.158709
3.158219
3.157750
3.157301
3.156874
3.156467
3.156080
3.155712
3.155364
3.155035
3.154724
3.154432
3.154157
3.153899
3.153658
3.153433
3.153225
3.153031
3.152853
3.152690
3.152540
3.152403
3.152280
3.152168
3.152068
3.151978
3.151898
3.151826
3.151760
3.151697
3.151634
3.151561
3.151463
3.151306
3.151018
3.150475
3.149547
3.148199
3.146523
3.144658
3.142705
3.140714
3.138709
3.136700
3.134692
3.132688
3.130689
3.128696
3.126708
3.124727
3.122750
3.120780
3.118814
3.116853
3.114896
3.112942
3.110992
3.109045
3.107101
3.105158
3.103217
3.101277
3.099337
3.097398
3.095457
3.093516
3.091573
3.089629
3.087681
3.085730
3.083775
3.081816
3.079852
3.077882
3.075906
3.073923
3.071932
3.069932
3.067924
3.065906
3.063877
3.061836
3.059784
3.057718
3.055639
3.053544
3.051434
3.049308
3.047163
3.045000
3.042816
3.040612
3.038386
3.036136
3.033862
3.031562
3.029235
3.026879
3.024493
3.022076
3.019625
3.017140
3.014619
3.012060
3.009461
3.006820
3.004137
3.001408
2.998631
2.995806
2.992930
2.990000
2.987015
2.983972
2.980870
2.977706
2.974478
2.971184
2.967821
2.964389
2.960883
2.957304
2.953647
2.949912
2.946097
2.942200
2.938219
2.934153
2.930001
2.925763
2.921436
2.917021
2.912515
2.907915
2.903212
2.898381
2.893334
2.887801
2.882702
2.877922
2.873439
2.869254
2.865378
2.861829
2.858625
2.855786
2.853338
2.851333
2.849854
2.848902
2.847586
2.846091
2.844446
2.842651
2.840695
2.838561
2.836230
2.833677
2.830870
2.827767
2.824310
2.820418
2.816070
2.811265
2.807005
2.802792
2.798629
2.794513
2.790446
2.786427
2.782455
2.778531
2.774654
2.770824
2.767042
2.763306
2.759618
2.755977
2.752382
2.748835
2.745336
2.741883
2.738478
2.735120
2.731809
2.728543
2.725320
2.722130
2.718934
2.715570
2.711840
2.707743
2.703279
2.698451
2.693263
2.687721
2.681863
2.675970
2.670107
2.664289
2.658520
2.652802
2.647134
2.641516
2.635948
2.630429
2.624959
2.619537
2.614164
2.608837
2.603558
2.598325
2.593139
2.587998
2.582904
2.577855
2.572851
2.567892
2.562979
2.558110
2.553287
2.548508
2.543774
2.539085
2.534440
2.529841
2.525287
2.520777
2.516311
2.511890
2.507509
2.503164
2.498834
2.494437
2.489666
2.484498
2.478932
2.472972
2.466620
2.459880
2.453062
2.446262
2.439502
2.432788
2.426123
2.419506
2.412937
2.406417
2.399945
2.393520
2.387142
2.380810
2.374524
2.368284
2.362090
2.355940
2.349834
2.343773
2.337756
2.331783
2.325853
2.319966
2.314123
2.308323
2.302566
2.296852
2.291181
2.285553
2.279967
2.274424
2.268923
2.263462
2.258039
2.252645
2.247256
2.241778
2.235904
2.229617
2.222921
2.215816
2.208305
2.200693
2.193088
2.185518
2.177991
2.170510
2.163076
2.155690
2.148350
2.141058
2.133811
2.126611
2.119456
2.112346
2.105281
2.098261
2.091284
2.084351
2.077462
2.070616
2.063799
2.057057
2.050336
2.043658
2.037023
2.030432
2.023884
2.017377
2.010912
2.004487
1.998101
1.991752
1.985434
1.979128
1.972778
1.966182
1.959185
1.951793
1.944007
1.935826
1.927525
1.919221
1.910930
1.902701
1.894514
1.886372
1.878276
1.870227
1.862225
1.854270
1.846361
1.838498
1.830681
1.822909
1.815182
1.807499
1.799861
1.792267
1.784717
1.777211
1.769748
1.762329
1.754953
1.747620
1.740330
1.733082
1.725875
1.718710
1.711583
1.704491
1.697424
1.690354
1.683188
1.675650
1.667733
1.659434
1.650757
1.641929
1.633095
1.624290
1.615525
1.606806
1.598136
1.589515
1.580945
1.572426
1.563957
1.555541
1.547176
1.538863
1.530604
1.522397
1.514245
1.506147
1.498106
1.490120
1.482193
1.474324
1.466516
1.458769
1.451083
1.443458
1.435889
1.428357
1.420791
1.412898
1.404657
1.396881
1.388738
1.380236
1.371377
1.362163
1.352593
1.342843
1.333127
1.323462
1.313852
1.304300
1.294807
1.285375
1.276006
1.266701
1.257463
1.248295
1.239204
1.230196
1.221285
1.212495
1.203928
1.195210
1.186758
1.178210
1.169326
1.160470
1.151716
1.143071
1.134572
1.126471
1.118303
1.110046
1.101600
1.092917
1.083229
1.075006
1.066842
1.058391
1.049901
1.041445
1.033047
1.024728
1.016582
1.008505
0.999854
0.991719
0.984473
0.975968
0.967456
0.958955
0.950619
0.942336
0.934026
0.925668
0.917245
0.908731
0.900091
0.891293
0.882332
0.873240
0.864055
0.854809
0.845521
0.836201
0.826858
0.817493
0.808110
0.798709
0.789292
0.779860
0.770411
0.760948
0.751469
0.741976
0.732468
0.722945
0.713408
0.703858
0.694293
0.684714
0.675122
0.665517
0.655897
0.646263
0.636609
0.626925
0.617167
0.607096
0.597366
0.587897
0.578673
0.569694
0.560970
0.552517
0.544360
0.536541
0.529103
0.522046
0.514672
0.506988
0.499196
0.491347
0.483458
0.475539
0.467594
0.459627
0.451640
0.443635
0.435612
0.427574
0.419522
0.411456
0.403379
0.395290
0.387192
0.379085
0.370971
0.362852
0.354731
0.346608
0.338489
0.330375
0.322273
0.314186
0.306119
0.298075
0.290060
0.282075
0.274124
0.266209
0.258330
0.250491
0.242691
0.234932
0.227215
0.219541
0.211910
0.204322
0.196779
3.805745
3.786371
3.766966
3.747529
3.728060
3.708559
3.689025
3.669458
3.649858
3.630223
3.610555
3.590851
3.571112
3.551337
3.531525
3.511675
3.491787
3.471860
3.451893
3.431886
3.411838
3.391747
3.371612
3.351434
3.331209
3.310938
3.290617
3.270243
3.249811
3.229308
3.208705
3.187925
3.166731
3.144760
3.122000
3.098447
3.074251
3.049835
3.025358
3.000946
2.976659
2.952477
2.928401
2.904430
2.880563
2.856799
2.833137
2.809576
2.786115
2.762751
2.739476
2.716270
2.693065
2.669795
2.645656
2.622382
2.599976
2.576699
2.552551
2.527525
2.501613
2.474800
2.447072
2.418408
2.388788
2.360010
2.330244
2.299469
2.267659
2.235043
2.201994
2.168529
2.134640
2.100311
2.065528
2.030271
1.994521
1.958249
1.921370
1.884299
1.846620
1.808220
1.768854
1.727897
1.685256
1.642907
1.601050
1.557323
1.513992
1.468614
1.423508
1.376123
1.328838
1.278958
1.228870
1.178519
1.127778
1.076499
1.024494
0.971525
0.913866
0.850400
0.783284
0.710672
0.623560
0.505243
nan
nan
nan
nan
nan
nan
nan
nan
nan
nan
nan
nan
nan
nan
nan
nan
nan
nan
nan
nan
nan
nan
nan
nan
nan
nan
nan
nan
nan
nan
nan
nan
nan
nan
nan
nan
nan
nan
nan
nan
nan
nan
nan
nan
nan
nan
nan
nan
nan
nan
nan
nan
nan
nan
nan
nan
nan
nan
nan
nan
nan
nan
nan
nan
nan
nan
nan
nan
nan
nan
nan
nan
nan
nan
nan
nan
nan
nan
nan
nan
nan
nan
nan
nan
nan
nan
nan
nan
nan
nan
nan
nan
nan
nan
nan
nan
nan
nan
nan
nan
nan
nan
nan
nan
nan
nan
nan
nan
nan
nan
nan
nan
nan
nan
nan
nan
nan
nan
nan
nan
nan
nan
nan
nan
nan
nan
nan
nan
nan
nan
nan
nan
nan
nan
nan
nan
nan
nan
nan
nan
nan
nan
nan
nan
nan
nan
nan
nan
nan
nan
nan
nan
nan
nan
nan
nan
nan
nan
nan
nan
nan
nan
nan
nan
nan
nan
nan
nan
nan
nan
nan
nan
nan
nan
nan
nan
nan
nan
nan
nan
nan
nan
nan
nan
nan
nan
nan
nan
nan
nan
nan
nan
nan
nan
nan
nan
nan
nan
nan
nan
nan
nan
nan
nan
nan
nan
nan
nan
nan
nan
nan
nan
nan
nan
nan
nan
nan
nan
nan
nan
nan
nan
nan
nan
nan
nan
nan
nan
nan
nan
nan
nan
nan
nan
nan
nan
nan
nan
nan
nan
nan
nan
nan
nan
nan
nan
nan
nan
nan
nan
nan
nan
nan
nan
nan
nan
nan
nan
nan
nan
nan
nan
nan
nan
nan
nan
nan
nan
nan
nan
nan
nan
nan
nan
nan
nan
nan
nan
nan
nan
nan
nan
nan
nan
nan
nan
nan
nan
nan
nan
nan
nan
nan
nan
nan
nan
nan
nan
nan
nan
nan
nan
nan
nan
nan
nan
nan
nan
nan
nan
nan
nan
nan
nan
nan
nan
nan
nan
nan
nan
nan
nan
nan
nan
nan
nan
nan
nan
nan
nan
nan
nan
nan
nan
nan
nan
nan
nan
nan
nan
nan
nan
nan
nan
nan
nan
nan
nan
nan
nan
nan
nan
nan
nan
nan
nan
nan
nan
nan
nan
nan
nan
nan
nan
nan
nan
nan
nan
nan
nan
nan
nan
nan
nan
nan
nan
nan
nan
nan
nan
nan
nan
nan
nan
nan
nan
nan
nan
nan
nan
nan
nan
nan
nan
nan
nan
nan
nan
nan
nan
nan
nan
nan
nan
nan
nan
nan
nan
nan
nan
nan
nan
nan
nan
nan
nan
nan
nan
nan
nan
nan
nan
nan
nan
nan
nan
nan
nan
nan
nan
nan
nan
nan
nan
nan
nan
nan
nan
nan
nan
nan
nan
nan
nan
nan
nan
nan
nan
nan
nan
nan
nan
nan
nan
nan
nan
nan
nan
nan
nan
nan
nan
nan
nan
nan
nan
nan
nan
nan
nan
nan
nan
nan
nan
nan
nan
nan
nan
nan
nan
nan
nan
nan
nan
nan
nan
nan
nan
nan
nan
nan
nan
nan
nan
nan
nan
nan
nan
nan
nan
nan
nan
nan
nan
nan
nan
nan
nan
nan
nan
nan
nan
nan
nan
nan
nan
nan
nan
nan
nan
nan
nan
nan
nan
nan
nan
nan
nan
nan
nan
nan
nan
nan
nan
nan
nan
nan
nan
nan
nan
nan
nan
nan
nan
nan
nan
nan
nan
nan
nan
nan
nan
nan
nan
nan
nan
nan
nan
nan
nan
nan
nan
nan
nan
nan
nan
nan
nan
nan
nan
nan
nan
nan
nan
nan
nan
nan
nan
nan
nan
nan
nan
nan
nan
nan
nan
nan
nan
nan
nan
nan
nan
nan
nan
nan
nan
nan
nan
nan
nan
nan
nan
nan
nan
nan
nan
nan
nan
nan
nan
nan
nan
nan
nan
nan
nan
nan
nan
nan
nan
nan
nan
nan
nan
nan
nan
nan
nan
nan
nan
nan
nan
nan
nan
nan
nan
nan
nan
nan
nan
nan
nan
nan
nan
nan
nan
nan
nan
nan
nan
nan
nan
nan
nan
nan
nan
nan
nan
nan
nan
nan
nan
nan
nan
nan
nan
nan
nan
nan
nan
nan
nan
nan
nan
nan
nan
nan
nan
nan
nan
nan
nan
nan
nan
nan
nan
nan
nan
nan
nan
nan
nan
nan
nan
nan
nan
nan
nan
nan
nan
nan
nan
nan
nan
nan
nan
nan
nan
nan
nan
nan
nan
nan
nan
nan
nan
nan
nan
nan
