0.000001
0.000001
0.000001
0.000002
0.000002
0.000002
0.000003
0.000003
0.000003
0.000003
0.000006
0.000008
0.000011
0.000013
0.000016
0.000020
0.000026
0.000031
0.000037
0.000042
0.000043
0.000039
0.000012
-0.000004
-0.000011
-0.000013
-0.000009
-0.000000
0.000001
-0.000007
-0.000010
-0.000011
-0.000024
-0.000032
-0.000035
-0.000034
-0.000026
-0.000013
0.000006
0.000031
0.000062
0.000099
0.000141
0.000188
0.000241
0.000276
0.000325
0.000380
0.000433
0.000499
0.000576
0.000662
0.000754
0.000848
0.000940
0.001030
0.001119
0.001206
0.001292
0.001376
0.001457
0.001536
0.001611
0.001684
0.001753
0.001818
0.001879
0.001936
0.001988
0.002035
0.002076
0.002110
0.002139
0.002160
0.002174
0.002181
0.002179
0.002169
0.002151
0.002138
0.002128
0.002123
0.002121
0.002122
0.002127
0.002136
0.002149
0.002166
0.002186
0.002210
0.002233
0.002258
0.002282
0.002304
0.002329
0.002353
0.002380
0.002405
0.002428
0.002455
0.002480
0.002502
0.002528
0.002553
0.002575
0.002601
0.002624
0.002646
0.002672
0.002695
0.002716
0.002741
0.002764
0.002791
0.002816
0.002838
0.002865
0.002889
0.002911
0.002937
0.002961
0.002983
0.003008
0.003032
0.003053
0.003078
0.003101
0.003128
0.003153
0.003176
0.003202
0.003226
0.003249
0.003275
0.003299
0.003320
0.003346
0.003369
0.003391
0.003416
0.003439
0.003466
0.003491
0.003513
0.003540
0.003564
0.003586
0.003612
0.003636
0.003658
0.003683
0.003707
0.003734
0.003759
0.003782
0.003809
0.003833
0.003855
0.003881
0.003905
0.003927
0.003952
0.003976
0.003997
0.004022
0.004045
0.004071
0.004096
0.004118
0.004144
0.004168
0.004190
0.004216
0.004239
0.004260
0.004286
0.004309
0.004336
0.004360
0.004383
0.004409
0.004433
0.004455
0.004481
0.004504
0.004525
0.004551
0.004574
0.004601
0.004626
0.004648
0.004675
0.004699
0.004721
0.004747
0.004770
0.004791
0.004817
0.004840
0.004867
0.004892
0.004914
0.004941
0.004965
0.004987
0.005013
0.005036
0.005064
0.005089
0.005112
0.005139
0.005163
0.005185
0.005211
0.005235
0.005257
0.005282
0.005305
0.005332
0.005357
0.005379
0.005406
0.005429
0.005451
0.005477
0.005500
0.005527
0.005552
0.005575
0.005601
0.005625
0.005647
0.005672
0.005696
0.005717
0.005742
0.005764
0.005791
0.005815
0.005837
0.005864
0.005887
0.005915
0.005940
0.005963
0.005990
0.006014
0.006036
0.006062
0.006086
0.006107
0.006132
0.006155
0.006182
0.006207
0.006229
0.006255
0.006279
0.006300
0.006326
0.006349
0.006376
0.006401
0.006423
0.006450
0.006474
0.006502
0.006527
0.006550
0.006578
0.006602
0.006624
0.006650
0.006674
0.006695
0.006720
0.006743
0.006770
0.006795
0.006817
0.006843
0.006866
0.006894
0.006919
0.006942
0.006969
0.006993
0.007014
0.007040
0.007063
0.007091
0.007115
0.007137
0.007164
0.007187
0.007208
0.007233
0.007256
0.007283
0.007307
0.007328
0.007354
0.007377
0.007404
0.007429
0.007450
0.007476
0.007499
0.007519
0.007544
0.007566
0.007592
0.007615
0.007635
0.007660
0.007681
0.007707
0.007730
0.007750
0.007775
0.007796
0.007815
0.007838
0.007859
0.007883
0.007905
0.007924
0.007946
0.007967
0.007991
0.008012
0.008031
0.008054
0.008074
0.008091
0.008113
0.008132
0.008154
0.008174
0.008192
0.008213
0.008232
0.008255
0.008275
0.008292
0.008313
0.008332
0.008354
0.008374
0.008391
0.008412
0.008430
0.008446
0.008466
0.008483
0.008503
0.008521
0.008537
0.008556
0.008573
0.008593
0.008611
0.008627
0.008646
0.008662
0.008682
0.008699
0.008714
0.008733
0.008749
0.008768
0.008785
0.008799
0.008816
0.008832
0.008844
0.008860
0.008874
0.008890
0.008904
0.008915
0.008929
0.008941
0.008954
0.008966
0.008975
0.008985
0.008993
0.009002
0.009009
0.009014
0.009018
0.009020
0.009021
0.009020
0.009018
0.009013
0.009006
0.008995
0.008982
0.008969
0.008949
0.008929
0.008900
0.008871
0.008842
0.008802
0.008763
0.008709
0.008657
0.008607
0.008538
0.008473
0.008384
0.008299
0.008221
0.008113
0.008011
0.007874
0.007745
0.007626
0.007463
0.007311
0.007107
0.006915
0.006740
0.006502
0.006282
0.005995
0.005719
0.005380
0.005030
0.004653
0.004247
0.003808
0.003378
0.002937
0.002468
0.001973
0.001457
0.000808
0.000214
-0.000304
-0.000970
-0.001566
-0.002328
-0.003005
-0.003592
-0.004343
-0.005016
-0.005879
-0.006643
-0.007606
-0.008458
-0.009194
-0.010144
-0.010973
-0.012026
-0.012948
-0.013735
-0.014762
-0.015648
-0.016784
-0.017770
-0.018604
-0.019664
-0.020608
-0.021830
-0.022885
-0.024225
-0.025388
-0.026371
-0.027647
-0.028746
-0.030160
-0.031374
-0.032391
-0.033682
-0.034830
-0.036325
-0.037603
-0.039232
-0.040634
-0.041808
-0.043311
-0.044665
-0.046305
-0.047833
-0.049330
-0.050852
-0.052400
-0.053972
-0.055575
-0.057470
-0.059226
-0.060690
-0.062591
-0.064211
-0.066301
-0.068069
-0.069518
-0.071359
-0.072977
-0.075100
-0.076880
-0.079173
-0.081106
-0.082683
-0.084686
-0.086435
-0.088728
-0.090641
-0.093063
-0.095129
-0.096846
-0.099039
-0.101033
-0.103371
-0.105605
-0.107853
-0.110114
-0.112376
-0.114662
-0.116722
-0.118322
-0.120362
-0.122314
-0.124500
-0.126688
-0.128879
-0.131071
-0.133264
-0.135134
-0.137293
-0.139206
-0.141517
-0.143574
-0.146030
-0.148231
-0.150082
-0.152273
-0.154195
-0.156524
-0.158587
-0.161042
-0.163221
-0.164986
-0.167196
-0.169092
-0.171323
-0.173293
-0.175661
-0.177745
-0.179379
-0.181418
-0.184073
-0.186396
-0.188214
-0.190466
-0.192378
-0.194737
-0.196722
-0.198192
-0.200171
-0.201763
-0.203886
-0.205597
-0.207858
-0.209675
-0.212059
-0.213965
-0.215342
-0.217341
-0.218856
-0.221017
-0.222665
-0.224979
-0.226748
-0.229197
-0.231066
-0.233625
-0.235568
-0.236916
-0.239005
-0.240481
-0.242714
-0.244311
-0.246678
-0.248382
-0.250864
-0.252651
-0.255223
-0.257066
-0.258202
-0.260206
-0.261471
-0.263642
-0.265038
-0.267375
-0.268889
-0.271384
-0.272991
-0.275619
-0.277280
-0.279987
-0.281659
-0.284376
-0.286051
-0.288772
-0.290451
-0.291087
-0.292770
-0.295498
-0.297182
-0.299912
-0.301600
-0.304334
-0.306027
-0.308767
-0.312556
-0.315306
-0.317019
-0.317693
-0.319419
-0.320104
-0.321838
-0.324621
-0.328452
-0.331246
-0.333003
-0.333724
-0.335496
-0.336230
-0.335925
-0.334577
-0.332183
-0.330827
-0.330504
-0.330890
-0.331824
-0.333234
-0.335091
-0.337384
-0.340121
-0.343334
-0.347109
-0.350410
-0.352902
-0.356429
-0.358903
-0.360326
-0.362785
-0.366282
-0.368729
-0.372215
-0.374654
-0.378136
-0.380571
-0.381963
-0.384398
-0.385789
-0.386143
-0.385449
-0.383704
-0.382875
-0.382664
-0.382933
-0.383622
-0.384702
-0.386160
-0.387987
-0.390178
-0.392732
-0.395647
-0.398924
-0.402573
-0.406614
-0.410493
-0.414127
-0.417402
-0.421519
-0.424727
-0.426884
-0.430078
-0.432222
-0.435405
-0.437538
-0.440712
-0.444927
-0.450185
-0.456491
-0.462551
-0.468304
-0.473629
-0.478320
-0.482118
-0.484899
-0.486665
-0.487414
-0.487145
-0.485853
-0.485051
-0.484597
-0.484454
-0.484613
-0.485075
-0.485841
-0.486911
-0.488287
-0.489966
-0.491946
-0.494221
-0.496347
-0.498326
-0.500600
-0.502723
-0.504698
-0.506966
-0.509082
-0.511048
-0.512867
-0.514983
-0.516950
-0.519210
-0.521318
-0.523275
-0.525525
-0.527621
-0.529565
-0.531360
-0.533453
-0.535395
-0.537632
-0.539714
-0.541645
-0.543871
-0.545941
-0.547858
-0.550070
-0.552125
-0.554028
-0.556225
-0.558265
-0.560151
-0.562333
-0.564357
-0.566228
-0.568394
-0.570403
-0.572259
-0.574410
-0.576406
-0.578248
-0.580387
-0.582370
-0.584201
-0.586330
-0.588303
-0.590125
-0.592246
-0.594213
-0.596028
-0.598145
-0.600108
-0.602369
-0.604472
-0.606419
-0.608664
-0.610749
-0.612676
-0.614451
-0.616527
-0.618447
-0.620666
-0.622726
-0.624629
-0.626832
-0.628873
-0.630758
-0.632942
-0.634965
-0.636830
-0.638995
-0.640998
-0.642844
-0.644991
-0.646977
-0.648805
-0.650935
-0.652904
-0.654717
-0.656832
-0.658788
-0.660588
-0.662693
-0.664639
-0.666886
-0.668970
-0.670894
-0.673119
-0.675179
-0.677078
-0.679277
-0.681311
-0.683182
-0.685355
-0.687362
-0.689206
-0.691352
-0.693332
-0.695149
-0.697270
-0.699225
-0.701019
-0.703117
-0.705051
-0.706824
-0.708904
-0.710821
-0.713042
-0.715095
-0.716985
-0.719177
-0.721202
-0.723061
-0.725225
-0.727220
-0.729049
-0.731183
-0.733149
-0.734950
-0.737057
-0.738997
-0.740772
-0.742855
-0.744772
-0.746525
-0.748589
-0.750488
-0.752694
-0.754731
-0.756601
-0.758779
-0.760787
-0.762628
-0.764776
-0.766754
-0.768566
-0.770686
-0.772636
-0.774420
-0.776514
-0.778439
-0.780198
-0.782270
-0.784174
-0.786387
-0.788428
-0.790300
-0.792481
-0.794488
-0.796326
-0.798473
-0.800447
-0.802251
-0.804365
-0.806307
-0.808079
-0.810163
-0.812075
-0.813819
-0.815878
-0.817766
-0.819966
-0.821990
-0.823843
-0.826008
-0.827997
-0.829814
-0.831943
-0.833896
-0.835678
-0.837774
-0.839694
-0.841444
-0.843509
-0.845401
-0.847606
-0.849633
-0.851484
-0.853649
-0.855635
-0.857445
-0.859569
-0.861515
-0.863285
-0.865371
-0.867278
-0.869012
-0.871064
-0.872939
-0.875129
-0.877138
-0.878969
-0.881116
-0.883081
-0.884869
-0.886973
-0.888896
-0.890642
-0.892707
-0.894592
-0.896301
-0.898332
-0.900184
-0.902355
-0.904344
-0.906154
-0.908284
-0.910231
-0.912000
-0.914089
-0.915996
-0.917726
-0.919779
-0.921651
-0.923843
-0.925850
-0.927676
-0.929822
-0.931782
-0.933561
-0.935661
-0.937576
-0.939310
-0.941368
-0.943241
-0.945435
-0.947440
-0.949261
-0.951402
-0.953354
-0.955121
-0.957210
-0.959111
-0.960828
-0.962870
-0.964724
-0.966901
-0.968885
-0.970683
-0.972803
-0.974731
-0.976472
-0.978538
-0.980413
-0.982103
-0.984119
-0.985948
-0.988101
-0.990061
-0.991833
-0.993930
-0.995836
-0.997553
-0.999598
-1.001453
-1.003122
-1.005122
-1.006933
-1.009073
-1.011020
-1.012779
-1.014868
-1.016764
-1.018473
-1.020514
-1.022365
-1.024544
-1.026528
-1.028320
-1.030442
-1.032368
-1.034103
-1.036169
-1.038040
-1.039721
-1.041736
-1.043559
-1.045713
-1.047670
-1.049434
-1.051530
-1.053429
-1.055136
-1.057178
-1.059024
-1.061202
-1.063179
-1.064960
-1.067073
-1.068986
-1.070703
-1.072754
-1.074606
-1.076264
-1.078260
-1.080059
-1.082193
-1.084126
-1.085863
-1.087936
-1.089809
-1.091486
-1.093504
-1.095322
-1.097478
-1.099431
-1.101184
-1.103276
-1.105165
-1.106856
-1.108887
-1.110718
-1.112886
-1.114848
-1.116607
-1.118706
-1.120599
-1.122290
-1.124323
-1.126151
-1.128318
-1.130276
-1.132028
-1.134120
-1.136003
-1.137681
-1.139703
-1.141517
-1.143671
-1.145612
-1.147347
-1.149422
-1.151286
-1.152944
-1.154947
-1.156740
-1.158876
-1.160798
-1.162511
-1.164568
-1.166412
-1.168049
-1.170034
-1.171809
-1.173930
-1.175836
-1.177532
-1.179576
-1.181407
-1.183030
-1.185006
-1.186771
-1.188885
-1.190784
-1.192474
-1.194516
-1.196344
-1.198520
-1.200478
-1.202221
-1.204314
-1.206188
-1.207849
-1.209862
-1.211659
-1.213806
-1.215731
-1.217439
-1.219499
-1.221338
-1.222963
-1.224943
-1.226706
-1.228822
-1.230715
-1.232392
-1.234424
-1.236236
-1.238400
-1.240338
-1.242055
-1.244126
-1.245971
-1.247598
-1.249582
-1.251344
-1.253462
-1.255352
-1.257020
-1.259047
-1.260849
-1.263006
-1.264932
-1.266632
-1.268689
-1.270517
-1.272121
-1.274087
-1.275826
-1.277925
-1.279793
-1.281436
-1.283441
-1.285218
-1.287355
-1.289258
-1.290932
-1.292969
-1.294774
-1.296352
-1.298298
-1.300016
-1.302099
-1.303950
-1.305572
-1.307565
-1.309327
-1.311456
-1.313349
-1.315012
-1.317044
-1.318842
-1.321007
-1.322931
-1.324620
-1.326678
-1.328497
-1.330083
-1.332043
-1.333767
-1.335863
-1.337718
-1.339339
-1.341335
-1.343094
-1.345225
-1.347112
-1.348762
-1.350788
-1.352573
-1.354730
-1.356640
-1.358308
-1.360351
-1.362149
-1.363708
-1.365648
-1.367346
-1.369423
-1.371255
-1.372846
-1.374822
-1.376554
-1.378668
-1.380533
-1.382156
-1.384165
-1.385927
-1.388071
-1.389964
-1.391611
-1.393643
-1.395426
-1.397590
-1.399498
-1.401156
-1.403199
-1.404988
-1.407157
-1.409067
-1.410721
-1.412761
-1.414542
-1.416071
-1.417992
-1.419660
-1.421717
-1.423516
-1.425700
-1.427619
-1.429280
-1.431330
-1.433117
-1.434648
-1.436574
-1.438243
-1.440305
-1.442104
-1.444293
-1.446213
-1.447868
-1.449917
-1.451697
-1.453218
-1.455139
-1.456796
-1.458853
-1.460642
-1.462826
-1.464735
-1.466375
-1.468415
-1.470182
-1.472344
-1.474226
-1.475836
-1.477847
-1.479581
-1.481712
-1.483560
-1.485134
-1.487111
-1.488808
-1.490907
-1.492722
-1.494260
-1.496206
-1.497873
-1.499946
-1.501734
-1.503245
-1.505170
-1.506816
-1.508874
-1.510648
-1.512829
-1.514719
-1.516324
-1.518342
-1.520071
-1.522210
-1.524053
-1.525609
-1.527581
-1.529262
-1.531357
-1.533154
-1.534663
-1.536594
-1.538234
-1.540294
-1.542057
-1.544237
-1.546112
-1.547689
-1.549690
-1.551390
-1.553509
-1.555321
-1.556833
-1.558773
-1.560411
-1.562477
-1.564233
-1.565691
-1.567586
-1.569179
-1.571209
-1.572931
-1.575087
-1.576927
-1.578462
-1.580438
-1.582103
-1.584207
-1.585993
-1.587473
-1.589400
-1.591016
-1.593078
-1.594824
-1.597011
-1.598873
-1.600419
-1.602414
-1.604088
-1.606209
-1.608001
-1.609476
-1.611407
-1.613016
-1.615080
-1.616817
-1.619004
-1.620855
-1.622378
-1.624361
-1.626013
-1.628122
-1.629891
-1.632114
-1.633988
-1.635523
-1.637519
-1.639172
-1.641284
-1.643044
-1.644465
-1.646358
-1.647907
-1.649930
-1.651603
-1.653746
-1.655532
-1.656972
-1.658894
-1.660466
-1.662520
-1.664218
-1.666394
-1.668203
-1.669659
-1.671605
-1.673192
-1.675268
-1.676978
-1.679174
-1.680994
-1.682449
-1.684403
-1.685987
-1.688069
-1.689774
-1.691973
-1.693785
-1.695221
-1.697166
-1.698731
-1.700804
-1.702489
-1.704679
-1.706471
-1.707878
-1.709805
-1.711343
-1.713402
-1.715063
-1.717243
-1.719015
-1.721300
-1.723165
-1.724622
-1.726607
-1.728177
-1.730276
-1.731951
-1.734153
-1.735921
-1.737268
-1.739161
-1.740630
-1.742648
-1.744235
-1.746371
-1.748065
-1.750305
-1.752090
-1.753435
-1.755347
-1.756814
-1.758852
-1.760436
-1.762591
-1.764281
-1.766541
-1.768320
-1.769635
-1.771543
-1.772981
-1.775018
-1.776575
-1.778732
-1.780397
-1.782661
-1.784417
-1.785682
-1.787573
-1.788967
-1.790995
-1.792516
-1.794676
-1.796313
-1.798589
-1.800324
-1.802696
-1.804506
-1.805771
-1.807706
-1.809086
-1.811148
-1.812641
-1.814822
-1.816417
-1.818705
-1.820384
-1.822759
-1.824499
-1.825625
-1.827497
-1.828743
-1.830755
-1.832123
-1.834272
-1.835754
-1.838032
-1.839611
-1.841999
-1.843650
-1.846125
-1.847818
-1.850350
-1.852055
-1.852952
-1.854794
-1.855789
-1.857777
-1.858868
-1.860985
-1.862142
-1.864348
-1.865541
-1.867784
-1.868974
-1.871212
-1.872398
-1.874633
-1.875814
-1.878044
-1.879221
-1.881445
-1.882616
-1.884835
-1.886000
-1.888212
-1.891472
-1.895782
-1.901144
-1.905461
-1.908736
-1.910972
-1.914270
-1.916541
-1.917809
-1.918050
-1.919353
-1.919616
-1.920940
-1.923322
-1.924663
-1.924961
-1.924216
-1.922423
-1.921681
-1.919883
-1.918710
-1.918124
-1.918060
-1.918467
-1.919309
-1.920567
-1.922230
-1.924290
-1.926748
-1.929605
-1.932869
-1.936554
-1.940058
-1.943337
-1.946354
-1.949081
-1.952352
-1.955261
-1.957794
-1.959949
-1.962671
-1.964983
-1.966889
-1.969368
-1.971421
-1.974037
-1.976204
-1.977930
-1.980232
-1.982080
-1.984499
-1.986448
-1.987942
-1.990029
-1.991652
-1.993869
-1.995613
-1.997951
-1.999801
-2.002241
-2.004176
-2.005622
-2.007685
-2.009250
-2.011438
-2.013116
-2.015419
-2.017199
-2.019602
-2.021466
-2.022807
-2.024808
-2.026279
-2.028419
-2.030017
-2.032290
-2.034004
-2.036395
-2.038209
-2.040698
-2.042587
-2.043895
-2.045924
-2.047361
-2.049532
-2.051094
-2.053402
-2.055078
-2.057507
-2.059276
-2.061805
-2.063642
-2.066244
-2.068119
-2.069290
-2.071300
-2.072581
-2.074735
-2.076130
-2.078431
-2.079932
-2.082371
-2.083957
-2.086520
-2.088163
-2.090809
-2.092463
-2.095152
-2.096801
-2.099502
-2.101154
-2.103859
-2.105514
-2.108223
-2.109884
-2.110495
-2.112160
-2.114878
-2.116545
-2.119266
-2.120937
-2.123662
-2.127443
-2.132281
-2.136077
-2.138832
-2.140548
-2.141226
-2.140862
-2.141560
-2.141221
-2.139964
-2.137688
-2.134355
-2.132064
-2.130431
-2.129295
-2.128623
-2.128412
-2.128674
-2.129422
-2.130668
-2.132424
-2.134696
-2.137490
-2.140809
-2.144651
-2.149008
-2.153864
-2.159200
-2.164364
-2.169251
-2.173569
-2.176826
-2.179021
-2.182258
-2.186540
-2.191869
-2.198248
-2.205683
-2.212650
-2.218830
-2.223980
-2.230188
-2.237443
-2.245779
-2.253106
-2.259735
-2.265741
-2.271014
-2.275344
-2.278700
-2.281087
-2.284024
-2.287540
-2.291674
-2.296481
-2.302038
-2.308458
-2.315935
-2.324523
-2.332168
-2.338890
-2.344703
-2.349619
-2.353647
-2.356795
-2.359068
-2.360469
-2.361001
-2.360662
-2.359450
-2.357360
-2.354386
-2.350520
-2.345751
-2.340067
-2.333456
-2.327967
-2.323593
-2.320335
-2.318193
-2.317167
-2.316181
-2.315238
-2.314338
-2.313478
-2.312660
-2.311882
-2.311144
-2.310444
-2.309782
-2.309158
-2.308569
-2.308016
-2.307498
-2.307013
-2.306562
-2.306142
-2.305754
-2.305396
-2.305066
-2.304765
-2.304491
-2.304243
-2.304018
-2.303817
-2.303636
-2.303475
-2.303330
-2.303197
-2.303071
-2.302943
-2.302797
-2.302600
-2.302284
-2.301705
-2.300614
-2.298747
-2.296036
-2.292663
-2.288911
-2.284982
-2.280975
-2.276939
-2.272893
-2.268850
-2.264813
-2.260786
-2.256770
-2.252765
-2.248771
-2.244788
-2.240814
-2.236850
-2.232894
-2.228946
-2.225005
-2.221070
-2.217140
-2.213214
-2.209292
-2.205372
-2.201453
-2.197535
-2.193616
-2.189696
-2.185772
-2.181845
-2.177912
-2.173974
-2.170028
-2.166074
-2.162110
-2.158135
-2.154148
-2.150147
-2.146132
-2.142100
-2.138050
-2.133981
-2.129892
-2.125780
-2.121645
-2.117484
-2.113295
-2.109078
-2.104830
-2.100549
-2.096233
-2.091880
-2.087489
-2.083056
-2.078580
-2.074058
-2.069487
-2.064866
-2.060191
-2.055460
-2.050670
-2.045818
-2.040900
-2.035915
-2.030858
-2.025725
-2.020515
-2.015222
-2.009844
-2.004376
-1.998814
-1.993155
-1.987394
-1.981527
-1.975550
-1.969459
-1.963248
-1.956914
-1.950452
-1.943858
-1.937126
-1.930253
-1.923234
-1.916064
-1.908740
-1.901256
-1.893608
-1.885794
-1.877809
-1.869650
-1.861313
-1.852797
-1.844100
-1.835218
-1.826150
-1.816893
-1.807439
-1.797769
-1.787832
-1.777444
-1.766052
-1.755547
-1.745695
-1.736453
-1.727820
-1.719821
-1.712495
-1.705879
-1.700015
-1.694957
-1.690815
-1.687758
-1.685789
-1.683070
-1.679978
-1.676578
-1.672866
-1.668819
-1.664404
-1.659581
-1.654296
-1.648485
-1.642060
-1.634897
-1.626833
-1.617819
-1.607855
-1.599015
-1.590272
-1.581626
-1.573077
-1.564625
-1.556270
-1.548010
-1.539846
-1.531777
-1.523804
-1.515926
-1.508144
-1.500456
-1.492864
-1.485368
-1.477968
-1.470664
-1.463456
-1.456344
-1.449329
-1.442410
-1.435583
-1.428844
-1.422170
-1.415483
-1.408442
-1.400633
-1.392052
-1.382699
-1.372578
-1.361696
-1.350066
-1.337766
-1.325387
-1.313063
-1.300827
-1.288688
-1.276648
-1.264707
-1.252865
-1.241122
-1.229476
-1.217927
-1.206474
-1.195116
-1.183852
-1.172682
-1.161605
-1.150620
-1.139728
-1.128926
-1.118216
-1.107597
-1.097068
-1.086630
-1.076283
-1.066026
-1.055859
-1.045783
-1.035798
-1.025903
-1.016100
-1.006387
-0.996766
-0.987235
-0.977793
-0.968436
-0.959149
-0.949891
-0.940485
-0.930275
-0.919209
-0.907286
-0.894510
-0.880884
-0.866417
-0.851775
-0.837159
-0.822619
-0.808168
-0.793811
-0.779549
-0.765382
-0.751310
-0.737331
-0.723446
-0.709652
-0.695950
-0.682339
-0.668817
-0.655385
-0.642041
-0.628785
-0.615617
-0.602536
-0.589542
-0.576635
-0.563814
-0.551079
-0.538431
-0.525869
-0.513393
-0.501003
-0.488699
-0.476481
-0.464348
-0.452300
-0.440334
-0.428443
-0.416610
-0.404780
-0.392747
-0.379836
-0.366011
-0.351274
-0.335624
-0.319068
-0.302274
-0.285482
-0.268752
-0.252105
-0.235545
-0.219076
-0.202698
-0.186412
-0.170215
-0.154108
-0.138091
-0.122162
-0.106320
-0.090565
-0.074897
-0.059315
-0.043818
-0.028406
-0.013078
0.002165
0.017325
0.032401
0.047393
0.062301
0.077126
0.091869
0.106529
0.121107
0.135606
0.150026
0.164374
0.178665
0.192937
0.207320
0.222271
0.238139
0.254921
0.272615
0.291225
0.310136
0.329070
0.347954
0.366761
0.385484
0.404119
0.422665
0.441123
0.459491
0.477771
0.495963
0.514067
0.532085
0.550015
0.567860
0.585620
0.603294
0.620883
0.638388
0.655808
0.673145
0.690398
0.707567
0.724653
0.741656
0.758577
0.775417
0.792178
0.808864
0.825485
0.842064
0.858666
0.875511
0.893254
0.911912
0.931484
0.951971
0.972822
0.993726
1.014592
1.035388
1.056101
1.076726
1.097257
1.117695
1.138037
1.158282
1.178429
1.198477
1.218424
1.238270
1.258012
1.277648
1.297177
1.316595
1.335901
1.355091
1.374162
1.393111
1.411934
1.430630
1.449201
1.467659
1.486048
1.504544
1.523863
1.544096
1.563187
1.583197
1.604116
1.625945
1.648684
1.672338
1.696432
1.720517
1.744522
1.768431
1.792235
1.815932
1.839516
1.862983
1.886328
1.909542
1.932617
1.955539
1.978288
2.000830
2.023100
2.044844
2.067004
2.088523
2.110321
2.133082
2.155688
2.178110
2.200302
2.222152
2.243026
2.264080
2.285391
2.307163
2.329892
2.352543
2.375108
2.397589
2.419990
2.442306
2.464527
2.486631
2.508573
2.530166
2.552231
2.573985
2.595965
2.617847
2.639700
2.661542
2.683393
2.705316
2.727406
2.749662
2.772103
2.794766
2.817720
2.841061
2.864880
2.889191
2.913913
2.938941
2.964193
2.989618
3.015188
3.040885
3.066700
3.092629
3.118668
3.144817
3.171076
3.197444
3.223922
3.250511
3.277210
3.304022
3.330947
3.357985
3.385138
3.412406
3.439791
3.467292
3.494913
3.522654
3.550523
3.578531
3.606713
3.635201
3.664698
3.693289
3.721201
3.748479
3.775116
3.801078
3.826309
3.850728
3.874205
3.896597
3.917904
3.940223
3.963548
3.987272
4.011243
4.035408
4.059744
4.084237
4.108878
4.133663
4.158588
4.183652
4.208851
4.234183
4.259649
4.285245
4.310972
4.336825
4.362805
4.388907
4.415129
4.441466
4.467912
4.494458
4.521094
4.547809
4.574589
4.601421
4.628291
4.655191
4.682109
4.709039
4.735976
4.762913
4.789848
4.816777
4.843698
4.870609
4.897508
4.924394
4.951266
4.978123
5.004965
5.031793
5.058606
5.085406
5.112191
5.138963
5.165721
5.192465
5.219195
5.245911
5.272614
5.299303
5.325980
5.352643
5.379294
5.405932
5.432558
5.459172
5.485775
5.512367
5.538948
5.565519
5.592081
5.618633
5.645178
5.671716
5.698250
5.724782
5.751321
5.777880
5.804495
5.831264
5.858491
5.886637
5.915701
5.945681
5.976373
6.007242
6.038081
6.068729
6.099112
6.129257
6.159161
6.188828
6.218259
6.247456
6.276420
6.305153
6.333657
6.361937
6.390002
6.417877
6.445644
6.473378
6.502033
6.529547
6.555928
6.583225
6.611423
6.640514
6.670495
6.701364
6.733122
6.765772
6.799319
6.831720
6.865035
6.899261
6.934405
6.970189
7.006185
7.042359
7.078709
7.115232
7.151931
7.188806
7.225858
7.263097
7.300585
7.337881
7.375383
7.413174
7.451453
7.490775
7.531148
7.570657
7.609124
7.648664
7.687180
7.726780
7.765374
7.805063
7.843764
7.883569
7.922442
7.960364
7.997350
8.033414
8.068568
8.102821
8.138218
8.174745
8.210375
8.245130
8.281029
8.318056
8.356196
8.395437
8.435760
8.477143
8.519560
8.562975
8.607348
8.652632
8.698675
8.745306
8.792360
8.839681
8.887133
8.934595
8.981971
9.029189
9.076172
9.122837
9.169098
9.214864
9.260039
9.304523
9.348214
9.391006
9.432792
9.473463
9.512909
9.551022
9.587694
9.622824
9.656310
9.688062
9.717993
9.742766
9.777378
9.811834
9.846134
9.880295
9.914330
9.948248
9.982055
10.015753
10.049340
10.082813
10.116164
10.149385
10.182463
10.215384
10.248130
10.280684
10.313024
10.345127
10.372773
10.400201
10.427430
10.454476
10.481357
10.508088
10.540369
10.572318
10.604139
10.635827
10.668275
10.699793
10.731392
10.762780
10.793954
10.824878
10.855552
10.885977
10.916152
10.946078
10.975755
11.005103
11.034076
11.062670
11.090884
11.118718
11.146174
11.173254
11.199961
11.226297
11.252268
11.277877
11.303131
11.328037
11.352601
11.376830
11.400733
11.424318
11.447594
11.470571
11.493259
11.515669
11.537811
11.559696
11.581337
11.602689
11.623727
11.644456
11.664882
11.685010
11.704847
11.724401
11.743678
11.762686
11.781435
11.799932
11.818188
11.836213
11.854018
11.871614
11.889015
11.906233
11.923281
11.940176
11.956932
11.973565
11.990092
12.006530
12.022896
12.039209
12.055487
12.071742
12.087980
12.104215
12.120464
12.136735
12.153034
12.169366
12.185736
12.202146
12.218600
12.235097
12.251638
12.268219
12.284837
12.301486
12.318160
12.334851
12.351549
12.368243
12.384921
12.401571
12.418222
12.434859
12.451467
12.468033
12.484542
12.500981
12.517337
12.533598
12.549752
12.565787
12.581692
12.597455
12.613067
12.628517
12.643795
12.658891
12.673796
12.688501
12.702997
12.717277
12.731335
12.745169
12.758773
12.772146
12.785284
12.798185
12.810849
12.823274
12.835459
12.847404
12.859111
12.870578
12.881807
12.892800
12.903556
12.914079
12.924370
12.934429
12.944260
12.953863
12.963240
12.972393
12.981323
12.990032
12.998520
13.006789
13.014840
13.022684
13.030327
13.037769
13.045009
13.052081
13.058992
13.065743
13.072333
13.078764
13.085042
13.091247
13.097376
13.103429
13.109407
13.115310
13.121093
13.126753
13.132287
13.137698
13.142983
13.148145
13.153182
13.158095
13.162885
13.167551
13.172094
13.176513
13.180808
13.184981
13.189031
13.192957
13.196761
13.200443
13.204001
13.207437
13.210751
13.213943
13.217013
13.219961
13.222787
13.225492
13.228075
13.230537
13.232877
13.235097
13.237195
13.239173
13.241030
13.242766
13.244382
13.245878
13.247253
13.248508
13.249644
13.250659
13.251554
13.252329
13.252985
13.253521
13.253937
13.254233
13.254410
13.254467
13.254459
13.254442
13.254425
13.254412
13.254401
13.254394
13.254388
13.254384
13.254382
13.254380
13.254380
13.254380
13.254380
13.254381
13.254383
13.254384
13.254386
13.254388
13.254389
13.254391
13.254394
13.254396
13.254398
13.254400
13.254402
13.254405
13.254407
13.254409
13.254411
13.254414
13.254416
13.254418
13.254421
13.254423
13.254425
13.254428
13.254430
13.254432
13.254435
13.254437
13.254439
13.254442
13.254444
13.254446
13.254449
13.254451
13.254453
13.254456
13.254458
13.254460
13.254463
13.254465
13.254467
13.254470
13.254472
13.254474
13.254477
13.254479
13.254482
13.254484
13.254486
13.254489
13.254491
13.254493
13.254496
13.254498
13.254500
13.254503
13.254505
13.254507
13.254510
13.254512
13.254514
13.254517
13.254519
13.254521
13.254524
13.254526
13.254528
13.254531
13.254533
13.254535
13.254538
13.254540
13.254542
13.254545
13.254547
13.254549
13.254552
13.254554
13.254556
13.254559
13.254561
13.254563
13.254566
13.254568
13.254570
13.254573
13.254575
13.254577
13.254577
13.254577
13.254577
13.254577
13.254577
13.254577
13.254577
13.254577
13.254577
13.254577
13.254577
13.254577
13.254577
13.254577
13.254577
13.254577
13.254577
13.254577
13.254577
13.254577
13.254577
13.254577
13.254577
13.254577
13.254577
13.254577
13.254577
13.254577
13.254577
13.254577
13.254577
13.254577
13.254577
13.254577
13.254577
13.254577
13.254577
13.254577
13.254577
13.254577
13.254577
13.254577
13.254577
13.254577
13.254577
13.254577
13.254577
13.254577
13.254577
13.254577
13.254577
13.254577
13.254577
13.254577
13.254577
13.254577
13.254577
13.254577
13.254577
13.254577
13.254577
13.254577
13.254577
13.254577
13.254577
13.254577
13.254577
13.254577
13.254577
13.254577
13.254577
13.254577
13.254577
13.254577
13.254577
13.254577
13.254577
13.254577
13.254577
13.254577
13.254577
13.254577
13.254577
13.254577
13.254577
13.254577
13.254577
13.254577
13.254577
13.254577
13.254577
13.254577
13.254577
13.254577
13.254577
13.254577
13.254577
13.254577
13.254577
13.254577
13.254577
13.254577
13.254577
13.254577
13.254577
13.254577
13.254577
13.254577
13.254577
13.254577
13.254577
13.254577
13.254577
13.254577
13.254577
13.254577
13.254577
13.254577
13.254577
13.254577
13.254577
13.254577
13.254577
13.254577
13.254577
13.254577
13.254577
13.254577
13.254577
13.254577
13.254577
13.254577
13.254577
13.254577
13.254577
13.254577
13.254577
13.254577
13.254577
13.254577
13.254577
13.254577
13.254577
13.254577
13.254577
13.254577
13.254577
13.254577
13.254577
13.254577
13.254577
13.254577
13.254577
13.254577
13.254577
13.254577
13.254577
13.254577
13.254577
13.254577
13.254577
13.254577
13.254577
13.254577
13.254577
13.254577
13.254577
13.254577
13.254577
13.254577
13.254577
13.254577
13.254577
13.254577
13.254577
13.254577
13.254577
13.254577
13.254577
13.254577
13.254577
13.254577
13.254577
13.254577
13.254577
13.254577
13.254577
13.254577
13.254577
13.254577
13.254577
13.254577
13.254577
13.254577
13.254577
13.254577
13.254577
13.254577
13.254577
13.254577
13.254577
13.254577
13.254577
13.254577
13.254577
13.254577
13.254577
13.254577
13.254577
13.254577
13.254577
13.254577
13.254577
13.254577
13.254577
13.254577
13.254577
13.254577
13.254577
13.254577
13.254577
13.254577
13.254577
13.254577
13.254577
13.254577
13.254577
13.254577
13.254577
13.254577
13.254577
13.254577
13.254577
13.254577
13.254577
13.254577
13.254577
13.254577
13.254577
13.254577
13.254577
13.254577
13.254577
13.254577
13.254577
13.254577
13.254577
13.254577
13.254577
13.254577
13.254577
13.254577
13.254577
13.254577
13.254577
13.254577
13.254577
13.254577
13.254577
13.254577
13.254577
13.254577
13.254577
13.254577
13.254577
13.254577
13.254577
13.254577
13.254577
13.254577
13.254577
13.254577
13.254577
13.254577
13.254577
13.254577
13.254577
13.254577
13.254577
13.254577
13.254577
13.254577
13.254577
13.254577
13.254577
13.254577
13.254577
13.254577
13.254577
13.254577
13.254577
13.254577
13.254577
13.254577
13.254577
13.254577
13.254577
13.254577
13.254577
13.254577
13.254577
13.254577
13.254577
13.254577
13.254577
13.254577
13.254577
13.254577
13.254577
13.254577
13.254577
13.254577
13.254577
13.254577
13.254577
13.254577
13.254577
13.254577
13.254577
13.254577
13.254577
13.254577
13.254577
13.254577
13.254577
13.254577
13.254577
13.254577
13.254577
13.254577
13.254577
13.254577
13.254577
13.254577
13.254577
13.254577
13.254577
13.254577
13.254577
13.254577
13.254577
13.254577
13.254577
13.254577
13.254577
13.254577
13.254577
13.254577
13.254577
13.254577
13.254577
13.254577
13.254577
13.254577
13.254577
13.254577
13.254577
13.254577
13.254577
13.254577
13.254577
13.254577
13.254577
13.254577
13.254577
