13.254577
0.001163
0.001164
0.002331
0.004663
0.008163
0.010511
0.014036
0.016414
0.017652
0.019432
0.022394
0.026547
0.029573
0.033637
0.038901
0.045366
0.050725
0.057297
0.063402
0.069004
0.074049
0.079176
0.083559
0.086992
0.089395
0.090775
0.091136
0.092746
0.095604
0.097448
0.098291
0.100394
0.101544
0.101748
0.101009
0.099331
0.096718
0.093176
0.088698
0.083294
0.076981
0.069779
0.061679
0.052544
0.043502
0.035681
0.029088
0.023723
0.017616
0.010737
0.003087
-0.005280
-0.014207
-0.023104
-0.031955
-0.040741
-0.049432
-0.057971
-0.066296
-0.074379
-0.082189
-0.089693
-0.096859
-0.103669
-0.110103
-0.116135
-0.121728
-0.126838
-0.131421
-0.135434
-0.138841
-0.141612
-0.143715
-0.145111
-0.145749
-0.145573
-0.144565
-0.142809
-0.141499
-0.140586
-0.140036
-0.139837
-0.139994
-0.140512
-0.141397
-0.142654
-0.144284
-0.146284
-0.148649
-0.150818
-0.153350
-0.155682
-0.157817
-0.160319
-0.162622
-0.165287
-0.167747
-0.170006
-0.172627
-0.175042
-0.177255
-0.179832
-0.182201
-0.184369
-0.186902
-0.189229
-0.191354
-0.193847
-0.196136
-0.198225
-0.200684
-0.202941
-0.205566
-0.207983
-0.210196
-0.212777
-0.215150
-0.217320
-0.219858
-0.222189
-0.224317
-0.226817
-0.229109
-0.231201
-0.233666
-0.235927
-0.238559
-0.240981
-0.243197
-0.245784
-0.248160
-0.250329
-0.252872
-0.255203
-0.257329
-0.259830
-0.262121
-0.264207
-0.266671
-0.268928
-0.271558
-0.273976
-0.276184
-0.278767
-0.281136
-0.283295
-0.285831
-0.288153
-0.290266
-0.292757
-0.295037
-0.297690
-0.300125
-0.302346
-0.304941
-0.307318
-0.309479
-0.312016
-0.314335
-0.316439
-0.318922
-0.321187
-0.323240
-0.325675
-0.327895
-0.330493
-0.332871
-0.335033
-0.337576
-0.339897
-0.342004
-0.344493
-0.346762
-0.348819
-0.351260
-0.353485
-0.356092
-0.358477
-0.360644
-0.363194
-0.365521
-0.367631
-0.370127
-0.372400
-0.374458
-0.376905
-0.379132
-0.381744
-0.384131
-0.386298
-0.388851
-0.391178
-0.393285
-0.395781
-0.398052
-0.400104
-0.402548
-0.404770
-0.407380
-0.409762
-0.411921
-0.414468
-0.416788
-0.418885
-0.421373
-0.423635
-0.426284
-0.428699
-0.430886
-0.433460
-0.435801
-0.437912
-0.440414
-0.442682
-0.444723
-0.447157
-0.449361
-0.451955
-0.454313
-0.456439
-0.458957
-0.461240
-0.463292
-0.465739
-0.467953
-0.470558
-0.472924
-0.475055
-0.477579
-0.479864
-0.481914
-0.484362
-0.486573
-0.488552
-0.490933
-0.493080
-0.495626
-0.497934
-0.500007
-0.502482
-0.504720
-0.507355
-0.509746
-0.511897
-0.514446
-0.516751
-0.518816
-0.521284
-0.523507
-0.525494
-0.527888
-0.530041
-0.532598
-0.534909
-0.536980
-0.539458
-0.541691
-0.543686
-0.546092
-0.548256
-0.550828
-0.553152
-0.555235
-0.557728
-0.559974
-0.562625
-0.565022
-0.567172
-0.569727
-0.572028
-0.574081
-0.576543
-0.578753
-0.580717
-0.583096
-0.585226
-0.587768
-0.590056
-0.592095
-0.594550
-0.596752
-0.599366
-0.601720
-0.603820
-0.606334
-0.608589
-0.610591
-0.613012
-0.615176
-0.617754
-0.620070
-0.622129
-0.624606
-0.626821
-0.628783
-0.631167
-0.633294
-0.635839
-0.638122
-0.640148
-0.642597
-0.644785
-0.647391
-0.649730
-0.651806
-0.654304
-0.656534
-0.658505
-0.660902
-0.663035
-0.665591
-0.667877
-0.669899
-0.672349
-0.674531
-0.677135
-0.679465
-0.681525
-0.684011
-0.686224
-0.688170
-0.690547
-0.692655
-0.695191
-0.697452
-0.699443
-0.701867
-0.704018
-0.706599
-0.708899
-0.710926
-0.713386
-0.715568
-0.717479
-0.719831
-0.721908
-0.724423
-0.726658
-0.728621
-0.731027
-0.733156
-0.735724
-0.738008
-0.740017
-0.742468
-0.744638
-0.747247
-0.749566
-0.751604
-0.754083
-0.756275
-0.758188
-0.760550
-0.762628
-0.765153
-0.767388
-0.769342
-0.771747
-0.773867
-0.776435
-0.778709
-0.780698
-0.783139
-0.785290
-0.787890
-0.790191
-0.792201
-0.794664
-0.796830
-0.799444
-0.801754
-0.803767
-0.806233
-0.808396
-0.810266
-0.812595
-0.814629
-0.817121
-0.819311
-0.821207
-0.823566
-0.825631
-0.828155
-0.830378
-0.832305
-0.834697
-0.836793
-0.839350
-0.841604
-0.843558
-0.845977
-0.848098
-0.850678
-0.852954
-0.854926
-0.857359
-0.859494
-0.862086
-0.864372
-0.866347
-0.868790
-0.870924
-0.873526
-0.875806
-0.877771
-0.880212
-0.882332
-0.884924
-0.887186
-0.889128
-0.891549
-0.893644
-0.896214
-0.898450
-0.900362
-0.902757
-0.904822
-0.907366
-0.909574
-0.911454
-0.913822
-0.915857
-0.918377
-0.920557
-0.922409
-0.924732
-0.926723
-0.929119
-0.931248
-0.933665
-0.935973
-0.938278
-0.940578
-0.942873
-0.944978
-0.946988
-0.948994
-0.950993
-0.952988
-0.955400
-0.957531
-0.959332
-0.961570
-0.963522
-0.965935
-0.968025
-0.969786
-0.971967
-0.973876
-0.976247
-0.978294
-0.980798
-0.982963
-0.984790
-0.987074
-0.989025
-0.991431
-0.993491
-0.995211
-0.997386
-0.999226
-1.001515
-1.003460
-1.005069
-1.007054
-1.008786
-1.010965
-1.012806
-1.015084
-1.017016
-1.018614
-1.020631
-1.022332
-1.024460
-1.026249
-1.027711
-1.029514
-1.031082
-1.033066
-1.034724
-1.036774
-1.038496
-1.039901
-1.041641
-1.043170
-1.044962
-1.046586
-1.048126
-1.049642
-1.051133
-1.052596
-1.054027
-1.055662
-1.057125
-1.058306
-1.059785
-1.061008
-1.062528
-1.063774
-1.064764
-1.065970
-1.066997
-1.068288
-1.069335
-1.070625
-1.071673
-1.072496
-1.073490
-1.074324
-1.075361
-1.076188
-1.077174
-1.077976
-1.078607
-1.079357
-1.079998
-1.080696
-1.081312
-1.081878
-1.082394
-1.082854
-1.083259
-1.083565
-1.083770
-1.084028
-1.084195
-1.084331
-1.084420
-1.084467
-1.084474
-1.084443
-1.084399
-1.084295
-1.084200
-1.084008
-1.083845
-1.083559
-1.083322
-1.083138
-1.082792
-1.082524
-1.082080
-1.081720
-1.081177
-1.080720
-1.080350
-1.079777
-1.079309
-1.078667
-1.078127
-1.077382
-1.076745
-1.076223
-1.075511
-1.074548
-1.073704
-1.073008
-1.072120
-1.071361
-1.070389
-1.069557
-1.068928
-1.068067
-1.067365
-1.066414
-1.065638
-1.064599
-1.063756
-1.062639
-1.061738
-1.061082
-1.060124
-1.059393
-1.058346
-1.057545
-1.056415
-1.055549
-1.054348
-1.053431
-1.052175
-1.051220
-1.050558
-1.049533
-1.048809
-1.047714
-1.046932
-1.045773
-1.044939
-1.043724
-1.042850
-1.041592
-1.040690
-1.040134
-1.039154
-1.038536
-1.037474
-1.036791
-1.035648
-1.034908
-1.033688
-1.032902
-1.031617
-1.030804
-1.029480
-1.028663
-1.027334
-1.026516
-1.025185
-1.024364
-1.024053
-1.023230
-1.021896
-1.021073
-1.019737
-1.018912
-1.017575
-1.016747
-1.015407
-1.013554
-1.012210
-1.011372
-1.011042
-1.010198
-1.009863
-1.009015
-1.007655
-1.005781
-1.004415
-1.003555
-1.003203
-1.002336
-1.001977
-1.002127
-1.002786
-1.003957
-1.004620
-1.004777
-1.004589
-1.004132
-1.003442
-1.002534
-1.001413
-1.000075
-0.998504
-0.996658
-0.995044
-0.993826
-0.992101
-0.990892
-0.990196
-0.988994
-0.987284
-0.986088
-0.984383
-0.983191
-0.981489
-0.980298
-0.979618
-0.978427
-0.977747
-0.977574
-0.977913
-0.978766
-0.979171
-0.979275
-0.979143
-0.978806
-0.978278
-0.977566
-0.976672
-0.975601
-0.974353
-0.972928
-0.971326
-0.969543
-0.967568
-0.965671
-0.963896
-0.962295
-0.960283
-0.958715
-0.957661
-0.956100
-0.955052
-0.953497
-0.952454
-0.950903
-0.948843
-0.946273
-0.943192
-0.940230
-0.937418
-0.934816
-0.932524
-0.930668
-0.929309
-0.928446
-0.928080
-0.928211
-0.928842
-0.929234
-0.929457
-0.929526
-0.929448
-0.929223
-0.928849
-0.928326
-0.927653
-0.926833
-0.925866
-0.924755
-0.923716
-0.922749
-0.921638
-0.920601
-0.919637
-0.918529
-0.917495
-0.916535
-0.915647
-0.914613
-0.913653
-0.912549
-0.911520
-0.910564
-0.909465
-0.908442
-0.907493
-0.906616
-0.905594
-0.904646
-0.903554
-0.902537
-0.901595
-0.900508
-0.899498
-0.898562
-0.897482
-0.896479
-0.895550
-0.894478
-0.893482
-0.892561
-0.891497
-0.890509
-0.889596
-0.888539
-0.887558
-0.886653
-0.885603
-0.884629
-0.883730
-0.882686
-0.881719
-0.880826
-0.879787
-0.878824
-0.877936
-0.876901
-0.875941
-0.875056
-0.874023
-0.873066
-0.871963
-0.870937
-0.869987
-0.868893
-0.867876
-0.866936
-0.866070
-0.865058
-0.864122
-0.863039
-0.862035
-0.861107
-0.860033
-0.859038
-0.858119
-0.857054
-0.856068
-0.855159
-0.854103
-0.853127
-0.852227
-0.851181
-0.850213
-0.849322
-0.848283
-0.847324
-0.846440
-0.845409
-0.844456
-0.843579
-0.842553
-0.841605
-0.840510
-0.839495
-0.838557
-0.837473
-0.836470
-0.835545
-0.834473
-0.833482
-0.832571
-0.831512
-0.830535
-0.829637
-0.828591
-0.827627
-0.826742
-0.825709
-0.824757
-0.823883
-0.822861
-0.821920
-0.821056
-0.820043
-0.819110
-0.818029
-0.817029
-0.816109
-0.815042
-0.814056
-0.813151
-0.812098
-0.811127
-0.810236
-0.809198
-0.808241
-0.807364
-0.806339
-0.805395
-0.804531
-0.803517
-0.802584
-0.801731
-0.800727
-0.799803
-0.798730
-0.797739
-0.796829
-0.795769
-0.794792
-0.793897
-0.792852
-0.791890
-0.791008
-0.789977
-0.789029
-0.788161
-0.787143
-0.786207
-0.785351
-0.784343
-0.783418
-0.782341
-0.781349
-0.780439
-0.779379
-0.778403
-0.777509
-0.776465
-0.775506
-0.774629
-0.773601
-0.772657
-0.771796
-0.770783
-0.769853
-0.769006
-0.768005
-0.767088
-0.766019
-0.765035
-0.764135
-0.763083
-0.762116
-0.761234
-0.760199
-0.759250
-0.758385
-0.757367
-0.756434
-0.755584
-0.754581
-0.753662
-0.752591
-0.751606
-0.750707
-0.749656
-0.748692
-0.747812
-0.746781
-0.745836
-0.744977
-0.743964
-0.743038
-0.742196
-0.741200
-0.740290
-0.739227
-0.738252
-0.737363
-0.736321
-0.735367
-0.734499
-0.733478
-0.732545
-0.731697
-0.730695
-0.729781
-0.728951
-0.727966
-0.727067
-0.726014
-0.725049
-0.724170
-0.723137
-0.722193
-0.721335
-0.720322
-0.719396
-0.718557
-0.717562
-0.716654
-0.715591
-0.714617
-0.713732
-0.712691
-0.711741
-0.710878
-0.709860
-0.708932
-0.708091
-0.707094
-0.706185
-0.705122
-0.704150
-0.703267
-0.702230
-0.701283
-0.700427
-0.699414
-0.698493
-0.697661
-0.696672
-0.695773
-0.694719
-0.693757
-0.692886
-0.691859
-0.690925
-0.690081
-0.689081
-0.688172
-0.687354
-0.686377
-0.685492
-0.684449
-0.683499
-0.682641
-0.681626
-0.680703
-0.679871
-0.678881
-0.677983
-0.677175
-0.676207
-0.675330
-0.674294
-0.673351
-0.672500
-0.671489
-0.670571
-0.669744
-0.668756
-0.667860
-0.666806
-0.665846
-0.664978
-0.663952
-0.663020
-0.662181
-0.661181
-0.660276
-0.659462
-0.658487
-0.657606
-0.656564
-0.655617
-0.654764
-0.653750
-0.652832
-0.652006
-0.651019
-0.650126
-0.649073
-0.648117
-0.647256
-0.646234
-0.645309
-0.644479
-0.643487
-0.642592
-0.641791
-0.640826
-0.639957
-0.638925
-0.637991
-0.637151
-0.636149
-0.635244
-0.634434
-0.633459
-0.632580
-0.631539
-0.630595
-0.629748
-0.628738
-0.627825
-0.627008
-0.626027
-0.625143
-0.624096
-0.623148
-0.622298
-0.621285
-0.620371
-0.619554
-0.618573
-0.617690
-0.616643
-0.615698
-0.614852
-0.613843
-0.612934
-0.612123
-0.611148
-0.610272
-0.609232
-0.608295
-0.607458
-0.606457
-0.605557
-0.604757
-0.603791
-0.602925
-0.601895
-0.600968
-0.600141
-0.599149
-0.598259
-0.597470
-0.596512
-0.595656
-0.594633
-0.593714
-0.592896
-0.591910
-0.591027
-0.590244
-0.589292
-0.588441
-0.587422
-0.586506
-0.585691
-0.584707
-0.583826
-0.582777
-0.581833
-0.580993
-0.579984
-0.579081
-0.578281
-0.577310
-0.576444
-0.575410
-0.574483
-0.573659
-0.572667
-0.571781
-0.570998
-0.570044
-0.569195
-0.568176
-0.567264
-0.566456
-0.565478
-0.564605
-0.563563
-0.562630
-0.561803
-0.560806
-0.559917
-0.559134
-0.558179
-0.557331
-0.556311
-0.555401
-0.554598
-0.553622
-0.552755
-0.551717
-0.550790
-0.549972
-0.548982
-0.548103
-0.547331
-0.546385
-0.545548
-0.544538
-0.543640
-0.542849
-0.541885
-0.541030
-0.540002
-0.539087
-0.538282
-0.537302
-0.536434
-0.535675
-0.534739
-0.533913
-0.532912
-0.532022
-0.531242
-0.530284
-0.529437
-0.528413
-0.527504
-0.526704
-0.525728
-0.524863
-0.523823
-0.522899
-0.522087
-0.521098
-0.520224
-0.519462
-0.518520
-0.517692
-0.516685
-0.515794
-0.515015
-0.514056
-0.513212
-0.512188
-0.511282
-0.510489
-0.509516
-0.508659
-0.507623
-0.506706
-0.505906
-0.504925
-0.504061
-0.503313
-0.502382
-0.501566
-0.500569
-0.499690
-0.498926
-0.497978
-0.497147
-0.496133
-0.495238
-0.494459
-0.493495
-0.492649
-0.491621
-0.490713
-0.489923
-0.488948
-0.488093
-0.487055
-0.486140
-0.485344
-0.484365
-0.483507
-0.482466
-0.481551
-0.480757
-0.479780
-0.478926
-0.478192
-0.477271
-0.476472
-0.475486
-0.474624
-0.473577
-0.472657
-0.471861
-0.470879
-0.470022
-0.469289
-0.468366
-0.467566
-0.466578
-0.465716
-0.464667
-0.463748
-0.462955
-0.461973
-0.461121
-0.460392
-0.459473
-0.458679
-0.457694
-0.456837
-0.455791
-0.454877
-0.454092
-0.453115
-0.452269
-0.451234
-0.450333
-0.449563
-0.448600
-0.447770
-0.446750
-0.445866
-0.445113
-0.444167
-0.443354
-0.442350
-0.441482
-0.440746
-0.439815
-0.439017
-0.438026
-0.437171
-0.436448
-0.435527
-0.434740
-0.433755
-0.432907
-0.431864
-0.430960
-0.430193
-0.429228
-0.428401
-0.427379
-0.426497
-0.425754
-0.424811
-0.424008
-0.423006
-0.422147
-0.421426
-0.420503
-0.419720
-0.418735
-0.417893
-0.416851
-0.415955
-0.415202
-0.414246
-0.413434
-0.412422
-0.411556
-0.410834
-0.409907
-0.409125
-0.408139
-0.407300
-0.406604
-0.405699
-0.404938
-0.403969
-0.403147
-0.402118
-0.401239
-0.400506
-0.399563
-0.398769
-0.397765
-0.396912
-0.396206
-0.395286
-0.394515
-0.393531
-0.392698
-0.391655
-0.390766
-0.390029
-0.389077
-0.388279
-0.387267
-0.386412
-0.385709
-0.384788
-0.384020
-0.383036
-0.382208
-0.381165
-0.380283
-0.379556
-0.378611
-0.377823
-0.376818
-0.375974
-0.374915
-0.374022
-0.373290
-0.372339
-0.371551
-0.370545
-0.369706
-0.369029
-0.368127
-0.367389
-0.366425
-0.365628
-0.364607
-0.363756
-0.363071
-0.362155
-0.361406
-0.360428
-0.359620
-0.358584
-0.357722
-0.357029
-0.356102
-0.355347
-0.354358
-0.353544
-0.352499
-0.351633
-0.350940
-0.350010
-0.349256
-0.348265
-0.347454
-0.346408
-0.345545
-0.344862
-0.343937
-0.343192
-0.342206
-0.341404
-0.340362
-0.339510
-0.338841
-0.337924
-0.337193
-0.336214
-0.335424
-0.334387
-0.333544
-0.332458
-0.331571
-0.330879
-0.329935
-0.329189
-0.328191
-0.327395
-0.326348
-0.325508
-0.324868
-0.323968
-0.323270
-0.322311
-0.321557
-0.320542
-0.319737
-0.318673
-0.317825
-0.317186
-0.316278
-0.315581
-0.314613
-0.313861
-0.312837
-0.312034
-0.310961
-0.310117
-0.309492
-0.308586
-0.307904
-0.306937
-0.306198
-0.305174
-0.304383
-0.303309
-0.302475
-0.301875
-0.300977
-0.300316
-0.299353
-0.298632
-0.297607
-0.296830
-0.295750
-0.294927
-0.293802
-0.292944
-0.292344
-0.291426
-0.290771
-0.289794
-0.289085
-0.288051
-0.287295
-0.286210
-0.285414
-0.284288
-0.283463
-0.282929
-0.282042
-0.281451
-0.280497
-0.279849
-0.278830
-0.278128
-0.277048
-0.276300
-0.275169
-0.274386
-0.273214
-0.272412
-0.271212
-0.270405
-0.269980
-0.269107
-0.268636
-0.267694
-0.267177
-0.266175
-0.265627
-0.264582
-0.264017
-0.262955
-0.262392
-0.261332
-0.260771
-0.259712
-0.259153
-0.258097
-0.257540
-0.256487
-0.255932
-0.254881
-0.254330
-0.253282
-0.251739
-0.249698
-0.247159
-0.245115
-0.243564
-0.242505
-0.240943
-0.239868
-0.239267
-0.239153
-0.238536
-0.238412
-0.237785
-0.236657
-0.236022
-0.235881
-0.236234
-0.237083
-0.237434
-0.238285
-0.238841
-0.239118
-0.239148
-0.238956
-0.238557
-0.237962
-0.237174
-0.236199
-0.235036
-0.233684
-0.232139
-0.230396
-0.228738
-0.227186
-0.225759
-0.224468
-0.222921
-0.221545
-0.220346
-0.219327
-0.218040
-0.216946
-0.216044
-0.214872
-0.213901
-0.212664
-0.211640
-0.210823
-0.209735
-0.208861
-0.207718
-0.206796
-0.206090
-0.205104
-0.204337
-0.203289
-0.202465
-0.201360
-0.200486
-0.199333
-0.198418
-0.197735
-0.196761
-0.196021
-0.194988
-0.194195
-0.193107
-0.192266
-0.191131
-0.190251
-0.189617
-0.188673
-0.187978
-0.186968
-0.186213
-0.185140
-0.184331
-0.183202
-0.182346
-0.181171
-0.180279
-0.179662
-0.178704
-0.178026
-0.177002
-0.176264
-0.175176
-0.174385
-0.173239
-0.172404
-0.171211
-0.170344
-0.169117
-0.168232
-0.167680
-0.166732
-0.166128
-0.165112
-0.164454
-0.163369
-0.162662
-0.161512
-0.160764
-0.159556
-0.158781
-0.157534
-0.156754
-0.155487
-0.154710
-0.153436
-0.152658
-0.151383
-0.150603
-0.149326
-0.148543
-0.148255
-0.147470
-0.146189
-0.145403
-0.144121
-0.143333
-0.142048
-0.140266
-0.137986
-0.136197
-0.134898
-0.134089
-0.133770
-0.133941
-0.133613
-0.133772
-0.134365
-0.135438
-0.137008
-0.138088
-0.138858
-0.139393
-0.139710
-0.139809
-0.139685
-0.139333
-0.138746
-0.137919
-0.136848
-0.135532
-0.133969
-0.132159
-0.130107
-0.127820
-0.125307
-0.122875
-0.120574
-0.118540
-0.117007
-0.115974
-0.114449
-0.112433
-0.109924
-0.106920
-0.103419
-0.100139
-0.097229
-0.094804
-0.091882
-0.088466
-0.084541
-0.081092
-0.077971
-0.075144
-0.072662
-0.070623
-0.069043
-0.067920
-0.066537
-0.064883
-0.062937
-0.060675
-0.058060
-0.055038
-0.051520
-0.047478
-0.043881
-0.040718
-0.037982
-0.035669
-0.033774
-0.032293
-0.031223
-0.030564
-0.030314
-0.030474
-0.031044
-0.032027
-0.033427
-0.035246
-0.037490
-0.040165
-0.043275
-0.045858
-0.047916
-0.049449
-0.050457
-0.050940
-0.051404
-0.051848
-0.052272
-0.052676
-0.053061
-0.053427
-0.053774
-0.054103
-0.054414
-0.054708
-0.054985
-0.055245
-0.055489
-0.055717
-0.055929
-0.056126
-0.056309
-0.056477
-0.056632
-0.056773
-0.056902
-0.057019
-0.057125
-0.057219
-0.057304
-0.057380
-0.057448
-0.057511
-0.057570
-0.057630
-0.057698
-0.057791
-0.057940
-0.058211
-0.058724
-0.059601
-0.060874
-0.062458
-0.064220
-0.066065
-0.067946
-0.069842
-0.071741
-0.073639
-0.075534
-0.077425
-0.079310
-0.081190
-0.083064
-0.084934
-0.086799
-0.088659
-0.090515
-0.092368
-0.094217
-0.096063
-0.097907
-0.099749
-0.101589
-0.103428
-0.105266
-0.107103
-0.108941
-0.110780
-0.112620
-0.114462
-0.116306
-0.118152
-0.120002
-0.121856
-0.123715
-0.125578
-0.127447
-0.129322
-0.131205
-0.133094
-0.134992
-0.136899
-0.138815
-0.140742
-0.142680
-0.144629
-0.146592
-0.148568
-0.150558
-0.152563
-0.154585
-0.156624
-0.158681
-0.160757
-0.162853
-0.164971
-0.167111
-0.169275
-0.171464
-0.173679
-0.175922
-0.178193
-0.180495
-0.182829
-0.185196
-0.187598
-0.190037
-0.192514
-0.195031
-0.197590
-0.200193
-0.202841
-0.205536
-0.208281
-0.211078
-0.213928
-0.216833
-0.219796
-0.222819
-0.225903
-0.229051
-0.232266
-0.235549
-0.238902
-0.242327
-0.245826
-0.249402
-0.253056
-0.256789
-0.260604
-0.264501
-0.268482
-0.272548
-0.276699
-0.280938
-0.285264
-0.289683
-0.294202
-0.298846
-0.303700
-0.309024
-0.313933
-0.318536
-0.322855
-0.326889
-0.330626
-0.334049
-0.337140
-0.339879
-0.342242
-0.344177
-0.345604
-0.346524
-0.347794
-0.349238
-0.350827
-0.352560
-0.354450
-0.356512
-0.358764
-0.361231
-0.363945
-0.366944
-0.370288
-0.374053
-0.378260
-0.382912
-0.387038
-0.391120
-0.395157
-0.399148
-0.403093
-0.406993
-0.410848
-0.414659
-0.418425
-0.422146
-0.425822
-0.429454
-0.433041
-0.436583
-0.440081
-0.443534
-0.446941
-0.450304
-0.453621
-0.456894
-0.460122
-0.463305
-0.466449
-0.469562
-0.472680
-0.475964
-0.479606
-0.483607
-0.487968
-0.492687
-0.497761
-0.503183
-0.508917
-0.514688
-0.520433
-0.526137
-0.531796
-0.537408
-0.542974
-0.548493
-0.553966
-0.559393
-0.564776
-0.570113
-0.575405
-0.580654
-0.585859
-0.591020
-0.596138
-0.601212
-0.606244
-0.611233
-0.616180
-0.621084
-0.625946
-0.630766
-0.635543
-0.640277
-0.644970
-0.649620
-0.654227
-0.658792
-0.663314
-0.667793
-0.672230
-0.676626
-0.680982
-0.685305
-0.689614
-0.693992
-0.698744
-0.703894
-0.709442
-0.715388
-0.721728
-0.728460
-0.735273
-0.742073
-0.748838
-0.755561
-0.762240
-0.768874
-0.775463
-0.782009
-0.788510
-0.794968
-0.801382
-0.807754
-0.814083
-0.820370
-0.826615
-0.832819
-0.838981
-0.845102
-0.851183
-0.857222
-0.863221
-0.869179
-0.875097
-0.880975
-0.886812
-0.892608
-0.898364
-0.904080
-0.909756
-0.915391
-0.920987
-0.926545
-0.932067
-0.937562
-0.943055
-0.948643
-0.954637
-0.961055
-0.967897
-0.975162
-0.982848
-0.990645
-0.998440
-1.006205
-1.013932
-1.021618
-1.029260
-1.036860
-1.044417
-1.051932
-1.059404
-1.066834
-1.074223
-1.081571
-1.088877
-1.096144
-1.103369
-1.110555
-1.117701
-1.124807
-1.131874
-1.138900
-1.145888
-1.152838
-1.159749
-1.166622
-1.173456
-1.180251
-1.187007
-1.193726
-1.200408
-1.207057
-1.213678
-1.220290
-1.226953
-1.233879
-1.241228
-1.249001
-1.257196
-1.265816
-1.274575
-1.283344
-1.292088
-1.300798
-1.309468
-1.318099
-1.326688
-1.335236
-1.343742
-1.352207
-1.360632
-1.369016
-1.377360
-1.385664
-1.393928
-1.402152
-1.410337
-1.418483
-1.426590
-1.434658
-1.442687
-1.450677
-1.458630
-1.466543
-1.474419
-1.482257
-1.490057
-1.497821
-1.505551
-1.513251
-1.520931
-1.528623
-1.536427
-1.544648
-1.553294
-1.562362
-1.571856
-1.581517
-1.591204
-1.600873
-1.610511
-1.620111
-1.629670
-1.639187
-1.648660
-1.658091
-1.667476
-1.676817
-1.686113
-1.695363
-1.704566
-1.713722
-1.722829
-1.731887
-1.740895
-1.749851
-1.758754
-1.767602
-1.776394
-1.785129
-1.793806
-1.802425
-1.810992
-1.819528
-1.828114
-1.837083
-1.846478
-1.855342
-1.864634
-1.874347
-1.884483
-1.895042
-1.906026
-1.917214
-1.928399
-1.939547
-1.950652
-1.961710
-1.972718
-1.983675
-1.994578
-2.005426
-2.016214
-2.026937
-2.037591
-2.048165
-2.058644
-2.068997
-2.079106
-2.089409
-2.099415
-2.109552
-2.120138
-2.130651
-2.141080
-2.151402
-2.161566
-2.171277
-2.181073
-2.190989
-2.201122
-2.211703
-2.222231
-2.232758
-2.243271
-2.253752
-2.264192
-2.274585
-2.284921
-2.295179
-2.305271
-2.315588
-2.325736
-2.335996
-2.346228
-2.356411
-2.366555
-2.376682
-2.386834
-2.397064
-2.407372
-2.417768
-2.428267
-2.438903
-2.449719
-2.460757
-2.472023
-2.483481
-2.495080
-2.506783
-2.518566
-2.530416
-2.542324
-2.554287
-2.566303
-2.578369
-2.590486
-2.602653
-2.614871
-2.627139
-2.639459
-2.651830
-2.664252
-2.676727
-2.689254
-2.701834
-2.714467
-2.727154
-2.739895
-2.752692
-2.765544
-2.778456
-2.791432
-2.804488
-2.817687
-2.831353
-2.844600
-2.857532
-2.870171
-2.882513
-2.894542
-2.906233
-2.917548
-2.928427
-2.938803
-2.948677
-2.959020
-2.969829
-2.980823
-2.991933
-3.003132
-3.014411
-3.025763
-3.037184
-3.048672
-3.060226
-3.071843
-3.083524
-3.095268
-3.107073
-3.118940
-3.130867
-3.142853
-3.154898
-3.167001
-3.179159
-3.191371
-3.203633
-3.215943
-3.228295
-3.240683
-3.253102
-3.265545
-3.278007
-3.290482
-3.302966
-3.315456
-3.327948
-3.340442
-3.352934
-3.365424
-3.377910
-3.390391
-3.402868
-3.415338
-3.427801
-3.440258
-3.452707
-3.465150
-3.477586
-3.490016
-3.502439
-3.514856
-3.527266
-3.539670
-3.552067
-3.564458
-3.576843
-3.589222
-3.601595
-3.613962
-3.626322
-3.638678
-3.651027
-3.663371
-3.675709
-3.688043
-3.700371
-3.712694
-3.725013
-3.737327
-3.749638
-3.761945
-3.774250
-3.786555
-3.798861
-3.811178
-3.823520
-3.835934
-3.848559
-3.861612
-3.875089
-3.888991
-3.903222
-3.917535
-3.931834
-3.946044
-3.960131
-3.974108
-3.987973
-4.001728
-4.015374
-4.028911
-4.042340
-4.055662
-4.068878
-4.081990
-4.095002
-4.107927
-4.120801
-4.133661
-4.146947
-4.159705
-4.171938
-4.184595
-4.197670
-4.211160
-4.225063
-4.239378
-4.254105
-4.269247
-4.284805
-4.299833
-4.315284
-4.331159
-4.347461
-4.364060
-4.380758
-4.397538
-4.414399
-4.431341
-4.448363
-4.465467
-4.482653
-4.499926
-4.517314
-4.534612
-4.552006
-4.569533
-4.587287
-4.605524
-4.624248
-4.642572
-4.660413
-4.678752
-4.696615
-4.714982
-4.732882
-4.751291
-4.769241
-4.787703
-4.805732
-4.823321
-4.840474
-4.857200
-4.873503
-4.889388
-4.905803
-4.922742
-4.939264
-4.955379
-4.972025
-4.989193
-5.006876
-5.025068
-5.043761
-5.062945
-5.082607
-5.102731
-5.123297
-5.144285
-5.165733
-5.187598
-5.209771
-5.232148
-5.254637
-5.277160
-5.299655
-5.322087
-5.344420
-5.366616
-5.388632
-5.410425
-5.431949
-5.453155
-5.473993
-5.494413
-5.514362
-5.533785
-5.552630
-5.570843
-5.588370
-5.605160
-5.621163
-5.636332
-5.650624
-5.662436
-5.678956
-5.695402
-5.711773
-5.728078
-5.744322
-5.760511
-5.776646
-5.792729
-5.808759
-5.824734
-5.840652
-5.856507
-5.872293
-5.888005
-5.903634
-5.919172
-5.934607
-5.949930
-5.962959
-5.975878
-5.988694
-6.001413
-6.014040
-6.026579
-6.039217
-6.056930
-6.074591
-6.092189
-6.109838
-6.126608
-6.143359
-6.161051
-6.178831
-6.196725
-6.214737
-6.232857
-6.251074
-6.269377
-6.287751
-6.306157
-6.324572
-6.342982
-6.361374
-6.379734
-6.398049
-6.416305
-6.434489
-6.452589
-6.470591
-6.488483
-6.506255
-6.523893
-6.541389
-6.558730
-6.575909
-6.592916
-6.609743
-6.626382
-6.642827
-6.659072
-6.675111
-6.690940
-6.706556
-6.721970
-6.737188
-6.752210
-6.767032
-6.781655
-6.796078
-6.810300
-6.824321
-6.838142
-6.851762
-6.865184
-6.878407
-6.891433
-6.904262
-6.916896
-6.929336
-6.941583
-6.953637
-6.965500
-6.977173
-6.988655
-6.999948
-7.011051
-7.021963
-7.032685
-7.043216
-7.053557
-7.063708
-7.073668
-7.083433
-7.093003
-7.102373
-7.111540
-7.120502
-7.129254
-7.137793
-7.146115
-7.154216
-7.162094
-7.169743
-7.177161
-7.184344
-7.191291
-7.197999
-7.204466
-7.210692
-7.216675
-7.222512
-7.228200
-7.233744
-7.239145
-7.244406
-7.249532
-7.254525
-7.259387
-7.264124
-7.268738
-7.273233
-7.277613
-7.281881
-7.286041
-7.290098
-7.294054
-7.297916
-7.301685
-7.305368
-7.308968
-7.312498
-7.315967
-7.319385
-7.322765
-7.326115
-7.329447
-7.332772
-7.336100
-7.339441
-7.342805
-7.346202
-7.349641
-7.353133
-7.356684
-7.360305
-7.364002
-7.367783
-7.371654
-7.375624
-7.379696
-7.383876
-7.388169
-7.392580
-7.397111
-7.401765
-7.406544
-7.411450
-7.416415
-7.421415
-7.426445
-7.431505
-7.436486
-7.441356
-7.446115
-7.450760
-7.455292
-7.459709
-7.464025
-7.468246
-7.472370
-7.476396
-7.480322
-7.484187
-7.487997
-7.491752
-7.495451
-7.499090
-7.502669
-7.506186
-7.509640
-7.513028
-7.516349
-7.519603
-7.522787
-7.525900
-7.528941
-7.531908
-7.534800
-7.537617
-7.540357
-7.543018
-7.545600
-7.548101
-7.550521
-7.552859
-7.555112
-7.557282
-7.559366
-7.561363
-7.563274
-7.565096
-7.566830
-7.568474
-7.570028
-7.571491
-7.572863
-7.574142
-7.575329
-7.576423
-7.577423
-7.578329
-7.579140
-7.579857
-7.580478
-7.581004
-7.581435
-7.581769
-7.582008
-7.582150
-7.582197
-7.582194
-7.582185
-7.582177
-7.582170
-7.582165
-7.582162
-7.582159
-7.582158
-7.582157
-7.582157
-7.582157
-7.582158
-7.582159
-7.582160
-7.582161
-7.582163
-7.582164
-7.582166
-7.582168
-7.582169
-7.582171
-7.582173
-7.582175
-7.582176
-7.582178
-7.582180
-7.582182
-7.582184
-7.582186
-7.582187
-7.582189
-7.582191
-7.582193
-7.582195
-7.582197
-7.582199
-7.582201
-7.582202
-7.582204
-7.582206
-7.582208
-7.582210
-7.582212
-7.582214
-7.582216
-7.582218
-7.582219
-7.582221
-7.582223
-7.582225
-7.582227
-7.582229
-7.582231
-7.582233
-7.582234
-7.582236
-7.582238
-7.582240
-7.582242
-7.582244
-7.582246
-7.582248
-7.582249
-7.582251
-7.582253
-7.582255
-7.582257
-7.582259
-7.582261
-7.582263
-7.582264
-7.582266
-7.582268
-7.582270
-7.582272
-7.582274
-7.582276
-7.582278
-7.582279
-7.582281
-7.582283
-7.582285
-7.582287
-7.582289
-7.582291
-7.582293
-7.582295
-7.582296
-7.582298
-7.582300
-7.582302
-7.582304
-7.582306
-7.582308
-7.582310
-7.582311
-7.582313
-7.582315
-7.582317
-7.582319
-7.582319
-7.582319
-7.582319
-7.582319
-7.582319
-7.582319
-7.582319
-7.582319
-7.582319
-7.582319
-7.582319
-7.582319
-7.582319
-7.582319
-7.582319
-7.582319
-7.582319
-7.582319
-7.582319
-7.582319
-7.582319
-7.582319
-7.582319
-7.582319
-7.582319
-7.582319
-7.582319
-7.582319
-7.582319
-7.582319
-7.582319
-7.582319
-7.582319
-7.582319
-7.582319
-7.582319
-7.582319
-7.582319
-7.582319
-7.582319
-7.582319
-7.582319
-7.582319
-7.582319
-7.582319
-7.582319
-7.582319
-7.582319
-7.582319
-7.582319
-7.582319
-7.582319
-7.582319
-7.582319
-7.582319
-7.582319
-7.582319
-7.582319
-7.582319
-7.582319
-7.582319
-7.582319
-7.582319
-7.582319
-7.582319
-7.582319
-7.582319
-7.582319
-7.582319
-7.582319
-7.582319
-7.582319
-7.582319
-7.582319
-7.582319
-7.582319
-7.582319
-7.582319
-7.582319
-7.582319
-7.582319
-7.582319
-7.582319
-7.582319
-7.582319
-7.582319
-7.582319
-7.582319
-7.582319
-7.582319
-7.582319
-7.582319
-7.582319
-7.582319
-7.582319
-7.582319
-7.582319
-7.582319
-7.582319
-7.582319
-7.582319
-7.582319
-7.582319
-7.582319
-7.582319
-7.582319
-7.582319
-7.582319
-7.582319
-7.582319
-7.582319
-7.582319
-7.582319
-7.582319
-7.582319
-7.582319
-7.582319
-7.582319
-7.582319
-7.582319
-7.582319
-7.582319
-7.582319
-7.582319
-7.582319
-7.582319
-7.582319
-7.582319
-7.582319
-7.582319
-7.582319
-7.582319
-7.582319
-7.582319
-7.582319
-7.582319
-7.582319
-7.582319
-7.582319
-7.582319
-7.582319
-7.582319
-7.582319
-7.582319
-7.582319
-7.582319
-7.582319
-7.582319
-7.582319
-7.582319
-7.582319
-7.582319
-7.582319
-7.582319
-7.582319
-7.582319
-7.582319
-7.582319
-7.582319
-7.582319
-7.582319
-7.582319
-7.582319
-7.582319
-7.582319
-7.582319
-7.582319
-7.582319
-7.582319
-7.582319
-7.582319
-7.582319
-7.582319
-7.582319
-7.582319
-7.582319
-7.582319
-7.582319
-7.582319
-7.582319
-7.582319
-7.582319
-7.582319
-7.582319
-7.582319
-7.582319
-7.582319
-7.582319
-7.582319
-7.582319
-7.582319
-7.582319
-7.582319
-7.582319
-7.582319
-7.582319
-7.582319
-7.582319
-7.582319
-7.582319
-7.582319
-7.582319
-7.582319
-7.582319
-7.582319
-7.582319
-7.582319
-7.582319
-7.582319
-7.582319
-7.582319
-7.582319
-7.582319
-7.582319
-7.582319
-7.582319
-7.582319
-7.582319
-7.582319
-7.582319
-7.582319
-7.582319
-7.582319
-7.582319
-7.582319
-7.582319
-7.582319
-7.582319
-7.582319
-7.582319
-7.582319
-7.582319
-7.582319
-7.582319
-7.582319
-7.582319
-7.582319
-7.582319
-7.582319
-7.582319
-7.582319
-7.582319
-7.582319
-7.582319
-7.582319
-7.582319
-7.582319
-7.582319
-7.582319
-7.582319
-7.582319
-7.582319
-7.582319
-7.582319
-7.582319
-7.582319
-7.582319
-7.582319
-7.582319
-7.582319
-7.582319
-7.582319
-7.582319
-7.582319
-7.582319
-7.582319
-7.582319
-7.582319
-7.582319
-7.582319
-7.582319
-7.582319
-7.582319
-7.582319
-7.582319
-7.582319
-7.582319
-7.582319
-7.582319
-7.582319
-7.582319
-7.582319
-7.582319
-7.582319
-7.582319
-7.582319
-7.582319
-7.582319
-7.582319
-7.582319
-7.582319
-7.582319
-7.582319
-7.582319
-7.582319
-7.582319
-7.582319
-7.582319
-7.582319
-7.582319
-7.582319
-7.582319
-7.582319
-7.582319
-7.582319
-7.582319
-7.582319
-7.582319
-7.582319
-7.582319
-7.582319
-7.582319
-7.582319
-7.582319
-7.582319
-7.582319
-7.582319
-7.582319
-7.582319
-7.582319
-7.582319
-7.582319
-7.582319
-7.582319
-7.582319
-7.582319
-7.582319
-7.582319
-7.582319
-7.582319
-7.582319
-7.582319
-7.582319
-7.582319
-7.582319
-7.582319
-7.582319
-7.582319
-7.582319
-7.582319
-7.582319
-7.582319
-7.582319
-7.582319
-7.582319
-7.582319
-7.582319
-7.582319
-7.582319
-7.582319
-7.582319
-7.582319
-7.582319
-7.582319
-7.582319
-7.582319
-7.582319
-7.582319
-7.582319
-7.582319
-7.582319
-7.582319
-7.582319
-7.582319
-7.582319
